LINHAS = 100
COLUNAS = 100
 68 41 46 33 56 22 28 61 6 49 22 15 99 41 52 18 23 32 40 74 62 36 94 63 12 61 4 59 21 91 48 7 96 54 44 8 65 89 50 36 59 72 41 99 70 31 64 2 19 88 56 92 89 31 66 87 58 99 3 65 42 12 74 1 50 15 79 76 66 5 86 93 60 86 15 73 91 79 18 3 98 71 15 36 4 93 90 86 62 37 32 77 69 81 93 52 34 25 16 25
 74 14 60 98 82 70 97 45 74 7 27 89 23 59 17 31 68 54 46 46 100 86 68 72 31 20 19 56 63 83 44 97 71 98 3 13 23 5 19 83 100 34 84 97 28 51 81 60 12 3 71 62 38 89 63 44 35 53 4 31 52 69 81 3 93 47 54 33 3 49 51 40 46 87 73 66 16 66 15 17 40 89 31 69 46 85 43 36 71 2 95 47 69 12 13 96 56 60 4 38
 63 3 80 81 30 60 76 43 95 60 53 77 76 82 8 60 54 74 69 22 75 73 65 49 97 15 27 74 69 86 24 86 86 49 89 16 73 97 16 75 31 21 43 66 56 80 57 65 50 29 46 5 32 19 9 19 24 82 96 13 20 71 98 34 11 94 3 68 75 96 95 44 3 39 99 77 13 4 25 76 23 23 66 16 95 82 83 75 76 93 36 35 35 69 11 78 47 41 80 1
 36 12 46 50 76 76 54 21 12 12 79 77 9 89 73 74 54 66 36 40 72 52 94 90 51 83 1 69 94 61 83 81 95 93 74 90 13 63 92 68 54 56 27 61 28 48 95 91 92 48 58 17 94 15 14 75 9 43 98 21 28 68 95 74 69 70 81 6 99 17 33 23 81 66 75 48 49 44 53 64 65 81 48 97 22 55 72 87 98 56 25 24 16 37 35 5 71 93 42 1
 62 63 48 14 20 6 76 5 12 49 86 25 13 66 50 96 36 16 16 86 56 42 30 56 27 83 67 97 31 22 86 18 15 93 42 5 20 68 30 71 38 83 49 56 84 1 85 74 11 22 66 76 60 94 54 94 70 64 46 94 58 50 62 40 20 61 34 98 42 95 54 9 63 61 92 19 26 72 26 64 38 87 90 49 94 64 51 97 12 86 39 15 99 81 82 52 25 80 38 56
 58 9 21 50 68 76 76 30 29 40 21 2 21 46 17 93 86 79 9 11 75 38 34 50 65 86 57 58 76 19 23 28 48 84 72 42 54 28 75 65 50 22 72 11 90 23 12 99 46 17 1 6 56 9 44 11 75 98 75 76 48 48 49 89 43 18 82 33 31 37 36 39 73 4 70 65 82 6 51 42 37 27 39 71 3 68 14 24 18 61 85 39 31 17 25 37 50 31 74 31
 83 57 51 68 0 7 0 76 30 24 61 48 96 59 10 1 6 24 89 53 86 36 65 18 73 95 87 81 96 87 63 58 71 28 38 32 54 59 61 84 41 18 26 94 88 74 73 80 37 41 9 23 20 27 84 60 1 18 25 46 28 93 31 77 22 3 10 60 50 41 9 39 37 33 79 93 22 38 78 20 13 22 79 27 34 97 3 64 76 73 90 44 34 94 14 43 43 98 70 88
 77 42 54 86 64 20 10 42 96 49 43 20 1 69 83 65 73 34 4 95 31 6 43 35 25 69 93 77 37 7 85 13 61 14 48 37 42 94 58 26 16 31 16 12 66 95 65 47 42 66 64 17 94 79 20 83 34 19 81 64 32 56 4 25 31 87 38 29 91 55 3 86 43 71 47 44 37 85 14 97 82 81 96 94 85 56 50 26 12 77 4 75 89 71 30 90 32 12 53 67
 66 73 32 69 53 31 28 49 23 25 5 41 22 61 21 89 55 10 95 76 55 30 60 77 40 57 89 22 14 25 49 21 74 98 35 18 62 47 76 42 42 26 7 31 48 4 81 19 23 99 10 72 36 39 44 13 35 55 90 49 92 28 35 90 97 31 82 75 88 30 50 55 54 46 55 95 35 58 14 80 37 73 59 44 57 46 60 24 37 45 54 29 43 69 83 12 77 48 87 41
 17 86 83 38 64 23 1 98 59 29 13 49 84 39 82 72 98 8 72 21 12 86 57 50 57 53 69 80 18 38 97 87 87 9 37 23 42 55 79 46 5 0 55 40 93 56 15 89 87 45 97 37 71 48 73 28 31 87 52 38 44 43 57 67 52 40 86 72 7 7 76 1 34 77 32 26 62 89 53 86 35 37 34 26 83 52 69 46 2 46 97 15 45 30 60 41 88 86 7 75
 41 47 25 37 32 88 21 8 24 81 56 51 72 28 27 84 66 93 86 92 46 5 89 55 5 80 89 78 41 84 64 60 82 13 17 77 21 64 57 33 23 64 80 18 91 18 13 74 67 93 13 1 77 63 92 34 48 81 97 62 9 11 40 28 31 71 25 59 18 23 14 23 73 21 80 89 56 58 66 5 34 91 76 95 41 54 66 44 56 51 20 44 63 7 72 72 60 61 26 65
 50 15 39 52 78 35 91 89 2 76 47 59 52 15 73 86 4 98 72 74 19 54 4 95 2 3 5 48 60 70 89 96 38 29 83 84 94 76 77 93 47 27 64 2 43 56 6 88 100 90 82 91 1 21 5 59 91 81 57 91 6 66 30 59 51 67 40 9 62 55 13 75 72 89 24 8 21 86 55 51 46 51 88 73 33 45 92 70 7 14 26 3 34 2 83 10 62 37 16 64
 16 39 91 24 72 38 17 28 22 9 76 81 35 27 44 58 48 2 61 70 85 34 82 63 47 4 48 60 26 8 44 80 68 52 76 25 92 64 27 38 18 35 25 82 46 71 33 4 30 96 5 13 20 18 2 72 60 82 47 34 78 66 20 61 89 90 19 99 40 54 39 12 39 83 80 91 15 54 21 84 72 62 78 76 17 79 74 86 25 73 38 76 11 11 62 98 26 40 62 86
 21 1 81 39 35 1 12 80 8 55 38 41 14 62 75 67 91 16 86 79 19 19 26 78 59 47 30 58 65 62 92 32 16 62 72 97 28 66 21 14 2 58 63 63 56 77 38 26 1 47 14 44 46 21 7 38 92 82 89 37 61 97 64 5 29 8 11 55 16 47 73 52 45 97 31 64 55 67 40 85 85 71 34 16 16 82 39 50 89 73 45 74 46 60 62 32 78 70 25 10
 79 85 2 83 78 69 100 23 58 11 81 87 27 70 62 28 93 46 51 92 24 3 77 32 2 80 10 30 95 4 26 31 2 95 31 96 4 66 72 56 37 75 36 52 43 87 90 63 88 51 85 23 74 83 81 79 93 43 63 66 25 55 96 35 82 28 40 97 5 51 18 28 4 83 41 58 80 35 91 45 82 86 14 36 94 94 40 75 6 64 18 24 58 83 45 82 12 60 59 76
 59 50 19 33 37 58 13 30 76 10 83 99 87 51 92 54 14 29 66 15 19 87 29 55 87 94 49 20 91 99 99 23 74 37 80 56 75 38 55 74 74 92 65 79 5 62 38 6 26 13 76 24 89 51 47 60 67 59 36 21 3 55 25 45 80 5 43 5 58 51 88 5 91 40 54 23 90 65 50 67 62 11 56 51 49 7 29 86 22 20 21 59 74 65 15 53 88 84 82 76
 40 66 58 6 96 2 96 24 96 95 85 23 81 72 69 13 36 24 48 21 58 53 64 65 81 27 35 89 39 4 72 73 81 27 93 89 52 17 34 62 47 24 99 69 39 96 40 2 79 68 68 59 75 32 85 26 24 62 21 94 54 15 74 14 67 12 63 57 53 53 49 61 18 66 79 22 0 35 61 53 22 56 71 14 62 63 71 42 40 41 88 97 79 1 53 36 45 21 1 38
 47 87 69 55 6 51 53 70 44 13 79 34 0 40 69 28 22 64 94 90 56 41 1 70 83 71 68 23 82 43 84 55 38 84 44 33 52 62 20 80 21 56 87 31 18 15 90 46 72 80 3 41 1 15 9 61 91 98 95 68 24 31 90 64 66 42 91 69 44 4 46 43 12 21 51 56 7 30 46 35 53 61 78 33 14 61 4 7 6 50 72 12 55 97 59 49 53 65 19 12
 88 48 30 78 9 46 45 63 3 82 32 39 8 52 99 95 72 43 88 3 46 84 18 58 52 88 14 45 16 88 9 27 28 17 28 95 21 37 88 39 43 57 68 40 80 91 18 6 27 70 71 58 43 100 78 36 62 91 17 28 70 14 82 64 39 86 100 57 99 31 52 79 22 38 8 12 90 58 68 50 6 76 38 47 35 74 73 58 87 82 53 68 70 72 57 87 33 38 30 18
 71 7 59 58 63 54 81 15 58 95 63 34 12 94 93 41 94 73 33 42 42 50 40 65 30 78 26 79 3 51 61 38 84 31 74 39 37 88 88 62 42 15 23 20 77 69 67 17 29 54 42 6 8 45 43 96 59 0 34 24 13 20 59 40 41 87 85 71 27 51 63 53 55 68 57 20 74 60 41 59 19 23 56 72 23 36 83 88 49 40 57 57 40 88 99 63 85 82 5 5
 3 50 88 42 55 56 49 22 30 20 70 51 92 77 41 79 19 20 34 81 11 89 69 35 3 80 24 30 40 96 88 67 28 91 56 21 57 74 2 8 67 22 10 8 85 65 37 7 73 67 75 64 20 32 80 23 45 57 33 40 79 17 32 61 23 65 91 78 25 46 40 49 13 91 12 36 46 63 30 68 19 29 9 27 83 64 21 22 3 72 88 90 24 17 66 91 67 54 23 40
 78 3 48 28 3 66 35 44 64 44 90 53 10 87 71 94 8 24 83 26 59 47 33 32 64 49 72 21 52 39 41 69 11 19 90 80 84 76 96 82 87 14 50 0 75 77 33 75 58 4 46 5 89 46 33 88 79 87 23 35 97 34 38 58 37 69 34 31 67 52 57 41 15 60 97 65 8 3 68 64 6 70 46 9 57 94 5 65 45 89 86 43 53 23 75 91 21 72 46 81
 84 3 25 86 92 7 40 30 92 12 6 93 11 26 3 99 60 98 3 39 28 30 83 7 43 9 62 83 58 84 93 20 23 17 70 98 70 79 72 76 94 72 14 4 39 72 17 94 5 19 92 39 55 23 74 0 48 36 94 16 25 96 33 99 50 45 73 56 64 50 39 2 5 42 84 17 53 83 55 84 99 48 0 84 17 33 85 8 31 72 2 5 32 52 33 4 17 68 61 96
 19 0 90 60 9 54 72 15 69 23 99 29 40 11 21 83 19 51 69 17 67 92 43 53 69 25 69 25 1 12 59 76 27 76 31 13 38 92 37 83 27 37 46 68 15 57 65 14 54 75 21 31 59 57 2 49 43 75 95 79 40 57 87 46 5 7 67 75 8 95 86 27 4 44 57 13 38 9 5 82 94 26 15 5 83 91 11 57 85 31 54 81 89 29 21 70 43 89 49 58
 3 85 83 8 3 69 28 20 8 26 32 7 97 41 55 91 15 89 76 25 96 95 14 27 46 22 25 46 47 37 67 93 26 76 4 53 0 68 23 23 92 21 46 7 24 79 22 68 70 21 90 85 31 11 15 88 71 34 6 26 13 9 75 37 39 98 53 90 36 27 50 98 80 99 88 91 81 69 2 38 9 80 87 28 98 42 44 67 54 74 38 81 98 63 63 64 89 53 58 2
 68 82 70 5 8 76 99 48 94 29 81 35 60 92 20 96 94 45 19 84 62 88 1 75 87 26 6 22 95 67 64 27 53 58 92 61 65 42 57 34 17 65 45 8 30 83 64 52 17 18 97 3 99 7 82 23 4 58 5 3 98 62 54 20 56 88 33 63 58 94 5 74 6 63 15 6 39 7 55 33 87 95 92 23 31 95 66 29 58 83 7 97 90 54 91 50 18 43 24 16
 52 1 60 17 30 71 49 83 20 46 82 25 10 56 58 84 77 11 65 12 8 79 5 95 25 68 62 14 16 73 60 6 1 12 63 53 8 56 4 46 47 10 2 9 33 2 75 70 71 43 83 67 43 95 68 31 6 22 78 49 80 48 97 65 43 64 40 34 29 74 9 17 37 23 13 79 56 95 41 17 87 16 42 82 69 18 91 66 58 9 37 9 79 67 16 10 36 12 98 76
 100 87 50 42 42 39 23 4 4 10 43 86 38 61 60 32 79 53 23 86 76 37 23 79 16 63 85 13 25 96 57 61 29 93 52 71 87 65 39 43 20 16 58 13 46 14 33 64 16 36 70 26 18 79 53 48 13 56 40 49 94 80 9 77 1 43 48 22 95 89 21 86 70 1 58 80 31 99 19 89 88 14 36 77 30 3 1 15 90 46 31 35 94 47 14 54 1 16 1 93
 18 95 49 7 77 46 45 97 72 50 6 48 72 75 45 21 19 86 87 44 4 30 23 81 58 49 76 40 89 70 18 34 95 71 88 7 80 95 3 24 72 79 54 74 84 89 75 46 27 87 28 24 66 87 49 93 16 18 16 83 82 61 66 76 96 82 82 95 75 12 72 93 86 82 62 93 75 47 3 4 32 45 94 56 44 69 10 98 59 23 82 59 17 78 14 64 33 14 44 78
 25 100 41 2 29 14 41 48 68 3 94 9 55 99 75 55 14 73 46 63 7 81 24 52 0 19 73 14 68 36 13 22 36 77 35 5 4 45 5 25 38 65 82 69 85 64 1 48 25 12 64 37 36 45 31 49 77 50 67 17 69 82 55 15 15 77 94 47 76 78 68 33 28 78 49 85 38 26 7 27 6 21 80 8 56 29 13 78 68 1 58 88 18 17 70 26 69 15 72 31
 44 9 24 78 7 52 49 52 19 35 72 14 44 78 38 61 9 69 63 74 27 4 80 54 49 53 63 66 13 73 49 30 66 50 85 23 63 83 12 0 35 43 87 87 57 45 41 49 20 45 51 46 68 1 26 90 84 57 40 46 5 89 49 84 58 80 60 16 13 85 46 92 48 51 62 33 33 90 32 76 6 3 36 82 29 97 60 63 100 53 66 24 96 81 16 7 53 34 88 80
 94 70 23 42 82 95 82 17 98 50 40 47 75 89 44 53 32 19 1 75 21 2 11 35 9 11 89 83 43 56 26 83 9 61 84 31 35 69 47 74 11 60 18 84 53 38 36 52 18 31 36 31 32 1 14 61 55 15 12 78 71 36 19 90 67 77 50 72 86 60 70 45 6 19 76 66 92 54 49 73 42 94 45 71 98 87 76 7 2 96 14 17 96 18 66 49 4 11 37 40
 44 93 80 36 7 43 19 40 39 91 86 83 18 84 100 3 7 42 75 94 99 15 7 46 62 34 50 3 52 97 0 13 93 34 84 32 98 69 94 86 11 13 89 76 86 44 13 59 99 97 21 0 55 57 26 35 54 61 58 73 6 6 64 39 55 13 89 4 35 15 35 82 69 92 67 58 1 4 61 20 12 74 95 39 82 71 21 1 90 47 10 49 81 71 0 28 36 28 20 95
 66 22 84 16 3 52 60 58 66 56 65 49 5 76 95 24 97 33 4 51 40 1 64 48 3 31 58 28 89 33 14 52 73 34 23 86 81 78 69 86 86 56 0 15 30 78 78 87 52 28 76 31 92 68 80 62 45 97 58 18 10 36 62 86 28 10 7 62 33 56 0 55 9 59 36 97 88 63 1 59 99 4 2 34 22 16 31 56 40 51 47 18 35 9 64 11 23 52 88 80
 57 60 91 86 93 37 26 13 40 45 8 24 92 18 98 9 29 28 10 72 47 81 74 20 61 29 82 30 51 62 6 15 46 62 84 67 61 20 73 89 67 20 81 86 41 100 20 75 30 87 59 81 25 73 30 43 39 83 21 16 46 94 82 13 49 55 50 91 56 26 36 68 8 6 97 16 90 91 20 64 81 15 96 67 76 60 76 37 84 34 79 33 14 9 44 22 64 22 85 35
 77 90 21 43 19 13 34 10 76 63 33 56 49 70 70 26 43 67 75 71 67 91 83 38 90 18 46 53 26 47 41 88 9 31 46 8 33 46 94 69 19 67 96 28 96 34 26 26 45 75 50 97 4 48 70 4 95 46 67 67 68 75 20 67 62 1 93 63 50 100 27 81 97 69 73 81 18 95 77 59 26 12 97 81 65 20 86 86 2 23 48 78 6 87 81 38 4 58 34 30
 36 66 28 83 40 19 1 11 90 96 80 58 80 4 20 50 97 78 32 98 20 53 25 27 12 24 18 68 19 32 19 31 79 38 70 7 6 45 56 87 55 95 55 65 93 36 69 60 1 50 74 49 55 18 18 55 72 23 98 57 89 28 60 91 51 76 58 74 85 72 87 13 5 10 13 70 22 63 2 80 19 93 25 71 90 1 94 56 93 44 40 31 22 31 58 6 43 17 33 86
 12 56 39 41 13 84 23 21 95 49 32 18 42 33 56 88 60 33 52 95 92 99 6 28 39 86 56 26 30 44 75 32 6 45 94 96 91 41 8 25 5 38 27 42 4 11 8 84 100 15 30 33 17 87 67 25 90 10 71 100 86 3 18 71 52 10 62 55 57 13 46 25 3 97 2 8 83 91 51 58 54 60 11 67 75 30 51 22 79 92 56 75 91 98 58 43 14 63 79 2
 19 90 67 5 83 65 6 87 85 26 22 80 6 23 15 1 4 94 13 84 83 65 86 41 21 75 29 23 31 14 0 31 90 49 98 63 58 54 45 89 71 60 0 78 93 8 1 83 57 31 48 1 19 96 90 9 16 27 81 6 37 63 68 36 19 8 64 56 10 17 29 87 51 41 57 94 98 88 90 89 41 52 48 53 83 94 80 43 1 50 86 64 78 7 82 43 99 47 88 57
 100 79 59 24 50 3 71 38 37 14 6 38 77 70 34 26 83 83 17 77 50 70 21 79 66 5 7 78 10 94 45 45 86 80 25 32 35 36 94 27 18 17 66 45 56 56 14 35 24 17 62 40 0 76 38 83 9 74 75 41 58 28 37 92 8 74 17 85 11 73 87 48 36 62 51 14 31 41 47 87 56 85 37 20 6 52 59 8 2 56 81 85 24 59 90 19 76 90 2 77
 69 95 30 40 2 97 37 76 63 73 48 1 53 34 24 74 61 78 68 44 58 49 57 3 13 63 46 8 19 46 52 46 2 20 61 12 74 68 50 31 92 24 38 14 58 69 63 87 13 64 54 78 72 4 32 8 56 32 55 29 68 22 30 54 32 83 2 13 40 38 77 43 18 31 10 66 52 67 11 94 21 34 60 53 27 20 16 98 23 15 82 72 69 71 86 99 84 32 22 88
 86 65 91 32 74 19 82 2 27 82 57 43 37 66 51 66 57 48 4 36 93 5 75 85 5 18 24 58 15 44 75 58 60 10 8 80 93 79 2 92 88 46 68 94 73 99 25 6 18 7 61 6 94 64 22 81 27 55 89 81 99 89 14 56 99 65 15 47 98 35 41 12 91 81 92 10 38 97 24 96 86 56 30 3 16 27 5 62 8 76 49 18 81 40 68 54 74 24 86 60
 73 94 46 38 53 99 81 18 32 54 46 11 58 1 33 61 96 59 89 89 8 28 43 19 17 48 46 26 60 66 48 81 8 84 17 29 17 89 59 85 67 20 45 48 100 28 85 52 94 95 35 95 27 80 78 22 58 1 63 45 46 76 58 43 82 54 67 1 67 23 62 39 6 14 77 86 86 91 12 57 61 99 8 21 21 81 0 55 98 41 29 10 48 93 84 62 75 31 4 71
 36 58 20 61 6 85 27 40 28 45 85 78 76 59 53 21 93 52 1 30 65 44 82 5 82 89 90 92 43 81 8 80 82 97 60 63 80 30 58 69 66 96 41 39 34 99 7 54 76 42 12 83 10 55 96 69 57 98 59 92 10 42 40 92 88 34 68 26 77 68 42 81 44 90 93 20 0 22 74 68 65 44 5 10 97 74 26 95 62 14 30 37 42 91 10 25 7 22 84 7
 4 31 49 17 1 37 54 46 57 12 50 49 21 14 78 15 99 76 64 72 37 89 10 12 12 22 100 91 89 40 35 92 1 69 75 16 31 33 56 51 88 65 26 91 52 63 21 47 50 45 11 18 61 93 87 19 75 34 68 19 82 29 62 54 27 63 60 7 63 75 68 61 88 92 7 71 4 17 55 78 0 38 29 54 69 45 29 19 12 22 17 58 64 15 40 96 46 47 12 57
 7 88 23 64 13 9 35 87 86 63 9 19 77 3 96 82 63 6 90 29 74 6 30 44 62 28 79 53 26 12 51 56 77 53 70 78 7 24 26 70 15 82 62 72 79 66 91 44 52 54 97 95 65 84 6 38 40 52 44 24 9 61 6 47 26 17 36 71 95 26 44 45 29 28 30 96 14 6 57 68 34 61 90 62 39 2 39 47 42 48 27 73 28 56 47 19 25 95 28 84
 43 79 85 62 31 31 86 70 72 56 3 70 73 40 1 72 16 82 20 27 43 57 41 40 66 24 17 58 25 84 53 59 30 11 74 81 75 100 38 50 55 81 24 76 46 87 6 97 76 38 22 2 32 35 61 80 75 10 6 78 60 17 73 39 98 58 3 72 58 17 30 80 17 50 78 10 39 45 38 63 33 28 54 23 47 90 76 29 80 91 90 33 23 69 97 8 55 85 78 22
 87 23 68 0 70 64 67 55 38 69 91 76 77 92 87 96 51 31 49 19 33 10 93 66 4 88 28 6 84 32 27 38 77 5 47 80 100 32 5 52 73 91 20 0 89 70 71 14 64 92 55 8 84 79 68 43 43 43 43 89 6 7 80 41 91 12 59 7 61 2 27 31 31 49 13 100 59 32 27 88 96 1 72 11 59 26 42 37 22 31 10 37 58 15 37 46 38 85 15 64
 68 89 77 0 92 3 74 98 52 58 57 86 51 21 87 53 13 52 35 53 42 8 35 21 38 50 21 90 7 65 44 65 84 53 72 93 54 2 63 91 66 32 92 62 65 97 4 19 48 92 3 12 12 66 26 83 83 39 74 52 30 98 63 71 10 67 19 25 59 97 53 71 69 87 72 16 21 49 8 91 66 42 3 98 49 23 45 7 40 45 65 42 90 22 32 48 27 93 28 67
 47 72 40 50 81 77 33 89 85 71 31 35 86 53 12 43 48 84 62 30 29 3 46 93 40 83 86 17 28 67 25 6 43 28 41 98 59 83 93 26 40 7 69 60 50 82 27 1 58 36 8 73 93 12 49 82 81 78 44 89 24 43 73 95 74 40 70 85 58 88 71 67 22 60 39 72 99 64 88 87 77 59 93 92 5 27 6 9 61 61 1 19 55 45 84 90 80 61 85 63
 49 61 66 75 8 65 79 74 19 17 40 88 47 59 41 29 21 66 92 54 60 30 24 30 94 18 71 83 4 51 27 48 99 94 35 90 9 28 27 44 29 49 93 74 34 82 25 94 29 64 81 4 29 45 77 89 6 4 74 16 30 57 2 35 50 39 52 64 65 65 78 73 45 46 18 72 2 73 80 80 93 70 54 94 4 49 29 62 84 32 50 8 68 33 11 16 17 90 85 60
 71 20 96 54 74 14 60 78 85 88 54 35 46 66 15 49 25 89 8 87 93 84 71 73 47 83 28 20 57 100 10 68 21 85 40 82 99 54 32 4 51 29 99 73 79 81 55 27 5 71 9 96 83 46 7 44 90 80 74 77 3 88 37 71 89 53 69 60 88 50 0 71 25 1 4 0 54 6 50 58 68 26 55 55 12 78 16 15 90 17 20 82 74 26 45 77 66 67 74 48
 36 53 52 35 31 76 43 57 99 10 69 55 6 73 92 18 81 62 40 23 38 32 81 43 26 83 74 5 19 28 46 5 2 15 88 66 79 66 55 64 4 59 79 45 69 71 100 19 20 100 32 71 76 68 63 24 12 58 98 10 26 95 47 85 68 1 96 78 24 35 2 1 65 47 17 52 30 39 21 75 87 51 35 10 19 88 75 98 97 66 99 53 57 53 48 55 95 92 85 41
 5 54 33 6 33 11 30 48 40 28 53 45 13 32 69 85 19 23 98 97 22 64 77 36 13 61 26 2 71 21 3 78 47 62 48 48 49 91 40 85 86 16 91 73 4 26 97 26 17 57 1 28 89 15 52 39 45 9 1 62 73 25 60 67 45 8 60 8 7 39 45 9 16 81 76 91 6 81 23 54 18 65 8 91 2 29 92 39 68 4 84 49 87 5 66 77 21 33 34 90
 33 17 61 46 95 36 38 19 68 49 59 10 43 23 76 86 85 48 32 2 70 98 71 33 67 82 87 74 16 39 7 57 92 23 45 48 7 15 70 82 84 92 34 99 48 57 90 59 25 61 4 65 52 39 71 31 53 53 8 72 70 33 12 54 85 38 71 59 64 65 93 85 53 25 96 67 81 50 25 62 61 11 94 37 13 50 61 7 83 77 35 80 47 14 36 45 83 18 84 27
 47 49 82 10 19 77 18 11 26 36 89 9 6 58 57 39 57 21 36 55 19 56 47 8 34 32 95 36 96 94 62 78 28 67 45 2 99 80 12 87 15 26 62 16 9 32 27 75 76 10 95 9 81 44 55 24 57 11 77 16 49 9 15 74 51 33 70 84 7 78 10 11 65 2 96 3 4 79 63 11 34 13 41 96 38 22 6 91 74 12 9 46 4 18 3 100 6 85 87 41
 41 70 26 26 21 4 75 24 72 15 51 8 60 97 31 23 42 42 46 48 8 7 99 7 39 41 77 99 43 29 77 33 85 12 7 91 13 68 41 78 42 1 61 82 23 73 16 38 5 66 0 23 52 37 2 71 23 93 4 2 46 90 66 27 4 71 47 3 44 69 88 9 14 7 97 30 99 21 40 97 93 29 69 4 25 17 24 97 62 24 22 41 51 24 73 38 31 98 65 62
 6 66 20 36 39 64 8 34 2 2 57 57 50 74 53 86 50 43 23 15 57 16 1 2 58 75 72 35 29 75 10 20 46 97 80 51 81 92 83 39 12 91 13 48 24 47 75 45 96 29 41 57 43 65 98 94 58 17 5 27 21 30 6 18 55 72 76 79 86 14 55 45 51 78 1 9 96 11 9 68 50 60 66 40 24 57 15 22 50 28 88 68 10 54 56 52 72 86 54 6
 90 53 52 82 95 70 18 74 79 76 16 41 79 52 17 79 62 34 99 7 68 83 90 6 38 52 13 83 42 57 24 0 8 61 12 40 68 78 87 3 42 91 61 92 6 25 78 64 17 18 3 93 72 52 2 26 29 75 78 5 71 47 92 88 27 50 93 3 98 66 90 24 92 72 37 36 47 39 10 91 61 32 15 45 72 1 21 63 51 76 85 58 86 75 66 39 64 87 86 11
 83 54 54 56 84 83 53 9 10 71 86 88 10 82 8 88 64 37 72 1 62 69 100 98 19 6 53 90 18 78 35 21 96 53 58 73 29 43 26 53 82 35 69 41 18 54 17 15 66 61 73 48 60 62 95 60 87 12 35 43 9 36 33 83 42 39 93 96 35 71 9 83 19 82 91 82 29 2 92 77 7 66 63 1 62 26 100 25 97 46 72 65 45 13 7 61 69 6 32 91
 36 62 51 65 84 95 16 73 48 33 85 57 39 90 73 39 45 58 90 15 33 60 48 83 78 71 66 19 66 100 72 90 88 52 6 47 82 55 89 55 40 21 73 67 20 83 9 44 12 81 46 20 10 75 39 73 25 66 14 59 1 6 6 3 37 18 16 70 88 28 74 65 25 15 1 10 47 2 80 12 50 40 73 25 30 97 43 48 48 65 32 22 79 37 75 50 26 10 2 51
 52 27 20 67 13 16 76 92 70 1 39 56 53 14 25 39 57 12 79 61 39 57 45 44 40 31 98 9 6 6 21 57 95 17 91 32 1 18 47 49 33 53 33 36 93 95 82 8 98 35 6 42 99 79 60 17 96 3 100 65 86 36 85 84 36 52 23 76 84 35 46 12 45 37 2 74 55 24 20 46 89 22 39 92 39 73 4 39 55 30 12 86 48 15 73 41 41 99 18 68
 70 28 62 44 71 11 7 87 91 27 15 69 31 24 14 98 28 65 31 65 61 49 10 30 17 21 33 64 4 56 57 29 29 29 63 88 91 79 31 56 25 61 70 48 96 83 50 38 46 65 6 19 100 58 0 53 55 70 95 8 19 58 99 58 15 26 11 26 88 59 32 32 27 60 5 70 95 26 75 34 65 90 91 44 20 61 19 56 45 92 18 81 83 7 62 9 34 60 58 91
 40 78 82 41 71 52 75 68 97 72 14 100 1 96 75 33 0 78 99 58 76 43 8 61 43 81 48 24 49 32 49 87 67 53 39 25 6 29 94 70 5 73 29 65 61 48 73 89 81 88 48 12 67 57 62 48 30 82 23 7 23 1 30 50 16 5 79 31 99 89 32 22 86 75 40 38 58 75 73 26 77 25 48 71 56 20 7 70 4 55 100 75 53 82 40 5 46 52 85 36
 74 90 88 92 17 18 3 74 27 15 65 32 60 22 70 86 77 8 38 63 62 22 55 79 3 8 48 64 47 55 44 13 5 82 53 9 29 45 52 85 41 18 60 5 42 65 62 74 2 60 30 35 19 73 89 15 59 38 28 83 20 66 94 64 64 29 25 50 52 2 59 41 34 56 27 72 61 22 34 46 48 23 97 50 73 37 23 91 2 28 83 10 52 14 76 74 84 23 82 89
 25 54 91 69 90 32 61 50 47 90 85 84 82 24 25 55 89 64 64 50 32 83 77 42 23 2 58 95 11 77 57 99 25 9 41 68 14 67 23 34 93 56 0 35 100 85 27 62 92 28 27 60 99 52 33 50 95 91 43 97 93 51 0 48 85 92 10 8 36 50 89 14 87 95 41 99 96 44 52 29 67 80 38 5 70 24 80 92 31 1 32 42 19 90 50 70 89 65 11 1
 79 44 14 32 9 85 20 88 99 36 44 67 64 12 79 34 4 99 77 27 21 54 96 14 94 54 3 18 42 5 48 69 26 34 1 19 7 29 33 1 56 44 56 32 35 60 71 42 82 27 76 51 13 49 85 21 58 89 21 6 33 94 58 86 74 62 20 46 19 51 93 27 39 4 54 75 39 41 79 51 76 32 45 27 97 7 11 38 41 82 78 43 4 46 5 15 91 64 98 20
 89 18 24 84 19 36 7 60 91 12 75 11 23 55 48 29 64 63 8 67 56 42 71 55 2 54 91 52 4 72 31 98 61 16 61 84 3 77 97 75 37 94 59 45 35 57 30 16 96 15 6 67 47 19 89 60 5 62 84 93 94 77 90 73 77 28 68 39 20 82 42 59 62 62 66 44 46 81 7 79 36 36 39 20 59 7 51 61 3 51 74 62 87 93 5 41 50 65 49 94
 27 47 64 83 14 98 74 3 36 13 8 95 43 8 34 0 29 84 80 8 75 62 30 42 24 46 49 16 63 82 48 44 24 47 79 11 94 25 24 31 60 84 11 83 95 29 22 84 48 75 98 50 83 12 20 67 57 47 74 73 3 18 57 99 3 9 65 53 31 53 92 94 55 63 90 1 60 36 5 58 30 13 89 87 82 30 84 93 22 70 90 46 14 7 90 73 87 12 33 73
 38 49 45 98 69 44 23 1 52 87 2 24 60 87 11 99 93 14 22 95 45 100 67 9 82 82 75 92 58 97 92 91 49 50 93 83 80 58 70 11 8 1 82 14 76 83 32 75 35 20 73 29 62 47 82 63 86 32 53 39 31 11 54 28 8 73 45 19 74 51 8 68 48 12 74 88 90 37 70 98 87 12 92 7 36 53 36 52 32 46 55 84 7 74 29 61 15 51 59 98
 71 10 62 45 9 32 13 75 73 86 74 40 69 3 87 3 50 78 30 63 84 25 64 70 53 22 17 17 31 61 51 1 72 89 83 21 83 20 24 100 81 59 52 48 26 16 20 17 38 77 13 14 57 24 46 30 94 78 92 54 99 7 74 23 36 70 32 3 74 17 91 45 72 39 10 56 84 40 99 75 69 69 73 100 34 100 13 93 82 31 91 31 76 52 80 38 19 48 54 17
 99 19 96 16 6 12 48 22 30 77 26 26 16 83 23 84 33 42 96 22 7 1 11 28 45 10 96 3 81 36 87 41 36 45 46 47 66 92 20 95 85 56 29 86 48 87 63 58 77 22 75 23 63 9 68 98 83 92 44 87 49 41 53 62 19 26 40 36 94 68 17 42 34 30 43 63 94 83 83 77 48 84 10 63 31 10 28 45 72 28 2 54 7 50 43 10 49 3 56 97
 14 92 51 62 13 33 14 65 9 82 93 91 92 83 14 10 58 52 44 42 2 52 3 78 28 64 48 13 97 70 1 87 54 47 91 54 41 3 43 34 30 65 27 41 13 48 65 19 57 73 58 73 30 76 86 64 44 0 27 78 62 81 67 6 50 35 50 18 10 98 85 10 57 97 5 33 19 29 40 1 44 48 89 47 14 95 38 19 12 49 96 16 15 71 40 55 48 78 34 83
 77 25 57 70 10 50 18 92 97 86 49 10 79 24 3 14 91 0 85 29 39 29 60 45 46 64 88 7 24 38 50 20 98 49 40 49 55 3 72 87 67 73 39 92 12 64 22 10 88 34 58 20 38 58 72 45 66 26 92 39 26 73 39 55 8 27 67 16 3 73 11 71 97 43 87 16 38 37 8 63 85 17 6 75 67 74 83 92 88 11 14 51 2 44 26 23 40 81 86 74
 67 53 1 93 23 37 34 20 35 10 91 76 15 37 70 24 76 54 33 67 95 81 92 11 63 66 34 47 1 99 62 78 35 59 6 11 55 34 99 37 83 60 47 43 12 2 52 56 13 78 57 29 48 16 14 69 51 3 87 38 2 11 56 88 13 55 61 5 86 92 6 29 86 87 54 67 15 63 38 64 69 18 42 73 28 25 60 64 26 79 46 60 7 16 6 89 45 48 37 83
 69 96 10 59 18 1 36 6 7 50 63 35 19 35 37 58 54 46 61 99 4 58 90 72 97 10 88 97 65 7 17 44 34 68 75 13 59 50 27 34 9 48 96 96 77 17 77 81 3 21 39 64 30 61 22 89 73 22 57 45 59 47 34 11 90 49 95 37 10 93 47 44 39 90 28 92 17 71 47 62 73 88 21 15 47 89 62 63 14 21 59 85 71 100 83 49 87 3 63 85
 15 30 68 36 85 68 43 90 39 67 10 62 28 22 65 94 43 33 75 36 15 42 1 9 1 14 98 76 33 45 20 71 75 39 30 64 94 51 59 82 3 19 58 30 17 28 17 90 45 71 59 3 42 59 41 45 15 14 53 100 13 24 2 3 30 27 47 70 1 6 0 48 51 19 24 32 41 12 9 46 86 76 21 97 14 90 57 7 81 28 90 83 37 18 20 26 45 22 85 27
 37 85 90 61 17 75 64 53 10 37 46 76 39 57 88 43 93 57 71 69 52 31 1 50 49 92 86 16 96 26 47 24 54 60 36 77 2 3 42 73 64 92 85 41 0 9 68 74 10 2 4 57 85 19 35 42 64 94 37 59 13 49 38 70 13 28 89 58 13 54 4 56 99 42 85 78 39 41 20 62 46 84 10 76 10 3 33 51 9 21 48 49 77 9 24 38 19 8 20 77
 76 30 71 17 38 29 58 82 56 42 59 49 67 75 34 0 36 14 95 82 16 85 67 50 32 15 73 85 44 52 22 79 74 15 76 21 19 99 48 48 28 40 76 86 94 13 35 99 15 100 25 85 87 43 34 35 65 5 17 87 16 24 9 11 84 27 53 40 61 55 65 35 72 33 60 44 74 55 11 26 62 66 2 58 37 56 96 97 67 28 36 51 98 54 32 48 78 33 4 23
 65 39 70 79 25 48 86 48 13 77 12 42 72 72 78 85 5 63 93 96 39 5 15 69 84 23 15 90 60 88 90 57 76 48 42 7 48 17 54 35 73 17 93 3 28 51 45 95 53 72 42 6 55 39 8 30 27 99 43 26 77 20 68 78 58 11 3 24 93 38 15 78 5 63 80 51 54 75 74 40 44 7 55 54 8 17 9 18 86 3 47 66 1 37 77 45 4 1 23 95
 19 96 9 67 13 27 9 58 36 92 72 17 14 41 56 65 67 29 49 55 79 8 68 10 19 4 97 58 72 40 15 21 56 78 91 82 35 63 47 54 87 15 73 6 35 92 60 25 72 37 51 27 51 55 54 19 25 83 95 88 15 30 45 63 34 62 89 89 34 31 39 61 45 81 10 29 15 62 72 67 60 10 78 42 1 1 38 51 77 34 56 89 11 56 12 35 64 23 12 97
 50 59 24 41 95 24 23 26 68 26 72 99 70 30 14 83 21 79 88 61 54 81 23 75 17 3 41 66 15 88 25 8 95 22 84 1 60 32 6 16 90 66 99 19 10 70 71 64 37 29 92 74 55 91 92 63 26 18 30 42 47 68 30 0 71 35 14 24 27 6 19 95 82 58 80 40 14 46 98 8 2 84 64 51 9 68 8 55 1 76 24 10 13 45 59 19 35 81 73 19
 51 24 43 48 33 74 71 80 76 83 35 8 57 1 14 100 34 8 75 78 21 65 79 9 34 96 36 31 50 69 15 12 96 1 23 59 75 40 52 90 63 46 63 14 47 68 26 67 24 86 93 54 33 11 6 25 84 5 48 14 9 56 81 53 78 64 11 21 41 21 10 37 14 74 75 4 94 34 2 9 53 97 15 86 3 84 53 15 51 99 36 17 48 68 12 74 64 68 4 64
 62 84 17 86 43 37 35 86 91 11 9 45 61 98 60 61 13 89 98 69 49 80 0 87 66 62 13 51 93 21 68 90 4 16 75 87 76 37 8 54 62 63 78 49 11 59 44 9 72 75 58 36 75 32 8 93 81 39 3 99 95 28 43 80 93 69 55 33 75 91 32 46 17 15 85 74 21 99 98 78 26 52 14 45 75 71 22 87 58 18 88 31 69 90 25 71 6 77 76 5
 74 77 53 63 83 59 75 31 78 91 19 15 51 43 20 32 80 39 74 92 84 73 94 56 77 89 46 99 29 75 8 14 61 63 11 19 45 94 56 97 50 49 20 2 54 27 7 4 34 91 87 0 42 35 77 9 48 78 77 62 24 68 29 27 60 49 20 47 59 57 2 38 94 87 36 22 73 30 41 23 72 81 26 86 97 66 83 56 40 17 18 30 94 16 0 64 58 39 87 29
 9 89 25 55 46 40 94 15 52 6 61 55 42 49 16 42 49 84 84 64 42 21 96 26 2 75 68 12 74 17 43 64 75 78 17 6 35 30 87 91 81 97 50 100 37 24 83 88 70 74 94 26 33 31 17 11 41 91 68 97 71 30 58 48 45 36 58 28 46 76 65 60 2 33 87 17 76 20 39 46 47 78 37 98 6 53 73 10 35 53 78 95 75 89 39 50 40 84 13 17
 78 71 32 10 24 88 89 42 65 79 13 42 98 60 67 88 72 29 10 38 33 15 84 67 27 20 69 82 16 54 40 89 18 27 87 48 16 75 82 11 63 35 66 50 45 83 63 80 58 75 81 84 13 80 3 91 90 29 99 54 89 90 80 22 98 90 37 42 34 96 38 59 49 43 3 83 12 69 81 46 35 31 98 59 75 25 83 33 1 1 52 85 9 33 44 71 67 32 14 39
 53 45 70 62 58 72 7 28 19 4 3 71 86 8 29 87 35 88 40 73 45 40 22 50 7 16 8 26 29 50 26 53 4 30 63 69 38 18 42 68 43 15 8 16 96 11 3 82 62 79 63 64 82 71 23 31 77 68 7 79 46 54 39 92 83 74 96 43 46 38 42 9 12 38 52 49 79 85 67 82 68 94 37 70 31 25 29 6 27 5 70 37 99 85 47 78 9 99 96 77
 42 36 89 11 67 31 9 6 60 30 18 47 60 14 4 33 79 59 55 1 100 24 70 68 13 6 66 82 16 75 96 60 9 96 69 24 67 13 32 62 12 66 43 40 90 19 72 42 71 2 78 46 53 12 29 52 84 51 35 91 28 68 51 13 40 2 41 3 98 47 47 84 65 40 44 30 93 10 71 31 90 77 49 3 11 77 86 65 0 56 100 21 40 7 47 98 80 71 47 89
 92 85 18 6 56 100 82 18 41 76 40 54 79 78 67 58 52 70 99 26 78 51 45 79 59 56 96 74 41 40 6 30 57 72 61 83 70 81 6 26 21 14 24 29 18 81 50 62 63 92 21 10 57 83 46 30 92 84 57 94 68 40 55 61 37 93 84 11 59 39 62 39 1 67 79 91 28 27 0 75 97 70 21 10 80 27 93 99 82 32 40 31 57 37 99 86 93 57 77 79
 24 45 9 31 79 43 44 42 14 39 1 85 59 2 35 29 97 15 17 80 76 35 23 29 9 58 69 8 33 94 78 15 57 17 91 95 35 64 4 54 34 50 70 10 53 17 97 93 52 64 90 16 52 88 95 93 31 11 78 45 76 47 99 9 34 53 10 33 31 8 53 8 17 12 27 98 48 33 89 21 83 24 44 52 78 19 95 86 87 35 93 31 57 57 84 95 23 10 84 38
 99 39 22 21 19 33 76 62 62 84 61 39 58 26 42 83 73 19 90 7 68 3 67 60 63 54 92 34 78 7 79 37 30 93 9 55 30 5 53 36 5 56 26 47 4 93 54 7 60 65 84 49 94 86 39 68 23 74 61 24 56 76 26 26 37 45 16 27 74 18 39 45 25 61 65 97 11 36 15 58 42 70 74 11 35 52 11 83 35 34 89 75 5 6 45 66 61 97 40 2
 70 5 12 8 91 96 99 82 44 51 65 84 10 71 41 2 26 94 0 11 48 96 55 92 84 2 77 32 5 21 83 80 34 95 57 2 76 28 65 88 65 46 78 30 49 69 92 61 74 9 60 67 55 74 50 58 42 23 54 81 33 77 55 46 42 98 51 9 25 83 69 0 11 49 47 99 65 24 64 7 95 37 29 58 5 58 12 34 59 89 13 13 19 90 20 64 6 84 4 20
 27 55 62 10 94 18 59 63 65 57 3 30 14 39 59 24 7 36 66 11 25 28 1 85 90 18 43 29 98 56 98 22 8 12 99 0 68 99 10 66 6 81 58 20 52 69 15 64 24 0 37 17 46 18 53 20 31 76 72 41 92 99 92 71 76 2 98 58 50 15 47 25 26 99 85 81 27 51 52 77 63 15 14 38 91 73 65 29 82 43 82 46 41 12 86 47 31 39 35 84
 89 9 57 91 82 56 16 12 21 66 67 87 72 49 36 18 12 38 7 39 18 20 36 98 57 22 36 32 94 59 63 26 21 77 98 48 65 78 88 43 81 40 77 80 56 98 84 15 29 75 25 70 60 0 72 31 17 63 22 20 42 11 54 86 23 90 81 31 27 43 52 17 66 52 68 89 24 99 99 66 63 26 47 16 51 100 61 77 52 33 32 98 56 40 60 77 77 76 36 67
 79 92 21 58 40 99 98 25 31 30 32 84 39 17 17 42 45 64 18 29 63 42 48 1 36 3 78 34 5 1 44 87 13 36 41 74 66 1 96 8 52 8 51 8 64 19 98 87 6 34 89 11 65 95 9 37 70 41 15 25 63 48 95 74 43 43 96 64 28 62 27 23 66 9 86 37 24 15 23 52 0 18 30 56 88 91 68 76 64 32 15 29 14 96 52 93 34 25 22 78
 78 69 86 38 37 70 71 85 71 88 43 96 67 11 49 62 61 0 93 45 80 63 28 77 42 96 18 69 30 80 2 75 17 34 45 82 4 18 12 10 25 10 97 75 62 88 88 87 79 27 27 36 100 16 58 38 54 37 85 23 29 55 50 48 13 83 82 45 2 4 9 70 2 14 41 50 52 75 91 55 45 5 8 83 82 50 59 1 77 52 88 81 21 53 16 13 60 83 15 57
 32 76 65 20 1 29 71 91 24 96 62 39 41 69 76 1 18 55 1 7 63 80 50 93 95 97 25 26 39 44 80 48 7 88 29 93 36 40 36 79 18 10 65 20 36 56 31 1 54 53 0 15 6 70 79 90 29 9 21 52 7 36 58 55 40 65 13 83 97 88 16 98 83 40 90 18 82 70 17 35 47 96 57 28 79 68 53 5 15 39 52 62 86 82 38 82 31 20 1 76
 79 23 22 34 98 7 36 67 53 73 1 96 30 20 36 91 20 27 47 90 92 10 90 24 7 9 77 27 41 44 3 17 20 52 78 88 77 62 7 77 8 66 60 69 47 47 90 60 35 54 68 73 63 97 53 67 71 99 52 79 15 74 55 6 56 31 58 15 80 68 10 54 62 69 49 82 85 47 18 44 64 53 35 20 99 61 0 99 72 60 99 12 98 49 83 87 39 92 29 36
 0 81 22 43 18 77 6 43 72 17 2 35 83 68 68 90 38 15 70 65 5 25 15 87 27 86 50 49 93 46 89 81 22 98 30 7 23 47 32 58 75 42 53 43 95 6 79 51 83 95 41 2 55 94 65 44 66 31 63 47 75 33 70 5 83 16 64 36 22 86 48 66 28 62 13 28 88 80 12 96 19 29 62 4 42 89 36 46 84 55 89 14 24 17 12 87 97 95 38 12


