LINHAS = 100
COLUNAS = 150
 8 13 93 21 68 34 87 45 69 14 98 49 81 50 23 93 29 55 32 68 70 14 41 19 47 19 62 86 47 87 90 17 46 9 22 87 10 58 70 27 74 65 33 89 74 95 94 34 7 70 52 87 43 14 14 49 100 20 42 4 4 36 42 10 95 63 72 18 75 82 31 65 62 95 55 47 14 45 50 20 87 72 46 55 65 26 47 89 83 13 55 73 64 78 70 32 29 19 39 15 25 8 44 28 94 84 89 68 46 54 33 54 21 35 91 96 95 34 37 83 72 3 62 36 19 50 60 26 44 5 71 14 54 61 70 53 31 33 1 80 16 75 13 12 32 50 17 65 97 75
 14 65 27 80 37 82 18 93 57 47 92 35 95 93 11 27 87 14 87 66 65 50 25 0 76 25 42 50 74 30 2 76 40 19 90 55 98 17 31 20 25 25 59 56 9 32 20 66 22 98 54 84 28 44 73 87 36 74 14 21 50 54 1 62 8 62 50 5 2 85 64 67 6 8 33 48 18 1 66 61 89 49 70 92 7 81 11 70 4 26 0 21 66 21 88 1 78 13 54 31 95 81 3 3 99 25 18 89 23 74 54 78 62 93 82 67 46 85 58 2 6 50 93 92 77 36 43 75 68 6 10 51 58 85 60 57 93 99 46 86 52 35 4 99 54 65 9 48 26 61
 61 55 42 20 69 69 92 34 95 76 12 56 60 47 32 18 49 55 26 42 25 75 20 80 85 31 10 51 98 52 52 3 51 27 4 73 11 47 90 46 96 58 9 24 68 24 58 56 32 53 29 50 77 15 62 60 39 99 53 20 5 78 86 80 22 65 36 61 86 11 96 96 73 96 76 18 44 19 79 21 18 42 93 1 99 95 41 32 55 50 87 11 35 49 16 46 54 80 31 17 27 30 10 11 94 60 73 19 44 3 75 11 69 77 80 6 15 19 54 22 53 96 7 57 97 74 99 48 9 76 19 38 46 53 62 42 46 83 76 37 35 81 30 2 46 30 36 88 65 34
 74 18 68 48 46 36 78 27 75 58 16 90 49 33 29 52 69 92 96 88 27 96 76 62 89 30 74 79 67 44 81 30 90 4 88 4 94 90 90 70 37 64 5 64 5 77 35 20 64 43 5 20 5 44 98 17 42 71 67 31 43 13 53 48 50 19 5 1 43 15 33 96 91 43 11 43 68 12 72 68 35 27 34 28 50 38 56 68 52 57 88 49 97 98 65 75 3 51 86 48 89 13 5 1 35 90 82 94 85 56 38 85 76 35 26 45 33 13 72 37 54 63 10 63 8 86 49 69 49 68 7 73 9 24 32 53 29 25 49 63 64 20 3 71 42 44 24 53 56 78
 52 13 68 30 33 47 90 57 40 74 99 12 12 74 80 18 9 4 52 8 73 90 56 25 64 77 44 15 23 31 33 45 2 60 82 96 36 92 21 73 97 28 59 92 21 86 58 3 91 78 79 11 98 70 66 14 5 54 24 26 51 21 44 94 79 89 58 30 44 91 87 67 18 78 35 69 87 18 5 45 40 23 28 24 64 30 45 86 84 46 99 20 16 6 65 48 47 87 49 14 34 28 68 17 99 42 50 10 28 30 61 99 33 34 42 8 50 83 84 68 26 25 19 45 5 33 56 55 83 36 15 94 17 58 23 79 48 83 13 90 95 88 74 53 60 44 31 48 56 84
 11 48 22 83 41 2 18 70 16 56 83 75 87 35 73 63 85 85 36 29 97 79 21 48 47 64 95 12 38 29 62 6 8 61 59 73 98 42 48 4 33 96 60 58 66 10 12 96 64 93 83 90 58 73 31 3 66 76 25 51 12 97 25 24 33 57 42 46 53 31 46 94 98 53 37 55 56 40 54 26 80 9 12 74 12 42 47 16 17 22 65 53 85 14 35 83 74 31 81 88 87 85 4 69 25 80 33 8 10 23 30 89 9 29 37 50 90 63 51 18 28 96 84 26 71 50 49 16 41 68 34 49 7 29 11 27 99 79 87 74 57 38 66 0 73 86 75 95 86 49
 16 7 26 88 46 44 22 68 42 80 99 69 56 9 3 55 2 5 94 7 67 91 73 39 12 13 29 96 3 86 91 23 8 21 74 32 79 60 4 68 35 34 72 62 40 63 10 29 94 60 2 7 34 25 21 24 64 16 66 54 59 65 46 10 73 88 63 60 45 24 62 35 61 27 98 0 17 5 58 73 79 71 15 66 14 82 23 98 58 40 35 87 36 32 68 38 46 10 28 57 5 19 17 22 42 10 71 85 81 8 38 14 57 68 83 22 68 22 17 41 44 57 87 23 0 50 99 55 84 15 48 59 6 50 33 19 19 82 4 63 9 46 84 57 99 52 44 12 54 63
 32 13 89 56 53 66 99 3 59 19 73 42 90 17 18 47 48 40 79 37 13 14 75 2 75 84 70 60 32 78 21 86 1 80 28 72 66 7 13 18 92 25 32 91 27 46 73 96 92 73 90 68 70 96 49 66 32 48 19 50 59 52 97 72 52 11 14 54 28 19 61 6 63 64 47 79 88 12 8 83 100 95 77 89 80 98 95 13 24 44 2 7 76 51 98 38 90 66 66 74 67 30 67 61 42 70 94 82 85 75 72 59 52 20 91 75 74 51 49 55 88 84 79 90 68 91 3 39 63 12 13 82 72 88 41 62 58 36 5 23 70 91 60 54 54 38 11 45 20 8
 67 50 63 40 26 24 40 92 5 5 93 93 14 78 35 61 15 25 82 61 66 95 76 47 27 89 58 35 64 38 53 8 2 98 39 68 99 9 84 70 99 31 96 75 75 60 4 96 72 37 12 42 69 3 21 1 41 60 32 78 97 66 44 43 59 38 48 7 15 57 97 15 97 25 1 84 99 71 47 35 18 50 89 54 36 99 81 65 76 81 80 16 43 29 59 80 45 6 26 51 56 30 81 26 70 74 80 20 92 70 1 15 9 43 19 63 15 36 84 71 13 98 74 57 15 67 90 45 42 54 56 22 65 13 99 99 39 25 66 5 67 22 39 95 9 4 50 46 83 88
 9 27 17 10 50 65 86 87 24 9 32 44 41 25 56 15 41 16 3 94 15 88 36 71 74 13 63 28 62 45 14 88 26 40 58 92 4 67 44 47 42 65 21 1 23 93 47 96 82 12 44 14 17 97 39 86 76 77 99 33 86 85 26 55 7 47 13 38 10 60 64 82 4 65 69 10 93 87 71 12 26 2 6 77 67 3 47 53 43 61 35 34 58 75 88 35 18 82 4 64 98 4 41 89 39 73 46 11 70 10 4 57 27 65 51 9 35 45 43 28 95 50 50 52 45 94 99 14 17 72 35 39 12 77 98 38 5 98 27 22 4 75 89 92 7 68 81 18 93 49
 78 68 78 16 62 96 96 38 79 65 42 35 66 50 80 44 72 68 46 70 82 69 52 77 83 37 79 13 39 2 53 79 74 78 97 70 27 69 32 28 47 28 30 6 13 38 15 61 90 11 9 7 75 3 59 4 84 12 11 78 12 65 46 6 16 33 43 89 20 98 7 57 79 35 53 76 50 2 56 34 39 33 9 64 11 57 94 70 71 85 33 53 89 22 22 8 9 52 94 56 40 73 63 3 89 5 50 93 66 11 81 32 67 31 84 55 18 65 90 63 73 81 54 17 24 68 64 1 47 51 72 85 82 5 5 50 94 60 56 1 7 63 66 11 61 50 79 83 10 62
 76 42 74 69 72 29 57 54 73 70 18 26 93 11 83 36 61 57 9 46 95 59 40 84 67 100 89 86 15 83 28 64 8 79 72 88 49 54 6 43 69 49 91 86 69 18 80 59 35 55 56 3 50 49 98 97 86 85 77 3 84 47 76 95 37 99 82 33 12 26 0 90 36 18 34 23 15 48 43 89 52 62 59 80 39 76 2 84 71 52 95 16 91 22 8 49 90 69 11 60 41 5 92 2 29 76 28 22 33 51 62 84 7 81 98 51 84 47 19 85 31 14 83 77 76 97 88 86 89 44 73 93 67 78 34 78 38 47 80 40 64 19 18 94 63 20 39 15 43 8
 52 73 32 62 39 71 66 23 66 36 65 12 68 5 87 79 51 44 5 42 47 72 64 75 75 30 38 92 36 45 6 48 60 46 52 81 59 36 3 12 47 42 31 53 54 37 33 69 27 26 78 75 90 54 7 30 85 41 97 41 60 74 98 29 49 70 50 18 59 87 99 15 45 97 84 38 37 85 88 77 90 8 28 58 66 53 98 34 80 40 4 100 7 30 98 85 46 44 64 23 91 21 13 10 92 91 61 73 13 70 48 32 68 56 8 1 37 48 78 56 67 85 93 29 7 73 57 85 91 84 8 55 96 64 8 12 88 94 51 28 69 24 41 18 75 53 91 33 40 0
 81 100 8 8 27 25 82 1 41 54 58 46 91 95 25 2 62 6 71 79 88 13 79 5 86 1 78 12 57 63 91 53 39 30 79 74 81 21 43 40 92 61 29 94 25 95 68 80 25 24 67 15 40 79 17 51 40 67 33 21 96 69 41 23 16 40 76 62 76 35 6 97 5 59 2 90 92 55 45 9 36 3 94 29 56 73 63 63 90 69 48 93 73 64 64 85 11 60 31 70 91 48 40 70 42 82 26 41 36 99 31 95 2 51 28 49 6 26 20 30 61 70 97 44 74 18 67 54 47 63 83 95 40 92 23 21 13 44 29 36 26 81 74 70 71 59 78 46 29 63
 29 71 74 48 38 87 21 94 70 37 98 25 68 31 48 58 86 67 79 85 25 34 16 29 88 12 36 37 68 72 56 57 97 88 6 74 21 79 23 67 100 28 1 85 21 58 89 83 44 20 59 91 26 18 61 60 98 91 56 92 41 45 56 97 49 84 61 64 8 81 93 96 53 95 46 50 61 69 1 12 94 78 52 97 66 54 81 60 12 53 69 30 73 1 10 17 26 32 65 11 64 76 18 10 71 45 19 28 84 60 62 17 70 35 37 36 88 85 25 90 72 33 67 25 3 37 56 31 56 11 58 95 62 55 22 41 55 98 91 68 11 1 27 4 60 4 45 16 54 22
 38 40 41 57 100 83 50 83 38 5 12 88 53 84 35 13 83 54 27 55 63 23 6 83 1 14 51 95 39 73 49 48 25 96 50 42 8 16 82 66 50 24 68 11 32 84 63 82 68 25 24 35 11 2 46 87 20 57 99 40 61 23 18 98 38 39 70 2 60 38 29 38 11 5 43 43 83 22 18 9 67 81 50 39 98 18 83 99 52 33 39 19 34 62 56 53 74 45 79 11 12 12 34 28 92 34 95 55 32 10 14 1 29 40 58 99 10 99 30 97 47 5 20 89 69 88 61 48 37 85 66 27 52 27 20 26 29 13 78 41 53 85 31 19 77 58 90 53 90 88
 92 78 8 58 75 27 18 57 44 43 13 88 90 55 40 62 75 100 10 81 2 75 38 93 30 62 64 5 80 28 62 87 5 32 77 27 50 76 64 71 18 28 5 22 25 57 21 21 63 59 6 2 38 62 72 99 4 66 23 13 64 92 88 51 3 37 83 74 74 43 28 33 74 60 47 56 4 53 45 100 34 39 14 44 37 1 76 32 42 43 35 29 62 28 63 62 65 2 65 58 32 89 27 77 6 60 98 5 2 27 0 41 54 70 15 7 91 11 19 11 93 89 16 53 60 6 60 58 44 58 18 96 52 83 51 78 91 44 57 16 70 35 49 14 1 4 52 81 3 27
 25 99 9 17 71 67 22 97 40 22 13 81 38 14 62 56 29 94 37 56 19 21 60 94 57 84 1 33 60 4 86 54 59 5 93 87 43 98 95 43 44 45 25 21 22 3 52 84 16 41 36 80 96 63 63 93 38 0 61 75 68 97 59 71 72 12 20 54 94 80 17 44 95 68 17 11 83 12 73 60 38 52 12 19 9 19 56 73 22 4 99 89 49 60 95 16 4 66 60 19 47 52 82 62 34 80 86 73 6 18 16 23 90 70 16 26 30 87 39 50 20 93 26 70 31 61 96 12 33 38 62 89 17 25 3 58 61 45 94 98 36 2 78 60 87 13 38 49 90 10
 10 71 63 7 21 20 53 21 25 52 57 17 93 57 38 81 30 62 36 76 96 29 36 88 42 82 7 60 97 78 77 5 33 23 27 97 85 54 77 20 65 87 99 63 90 98 57 86 84 18 21 32 61 23 91 29 83 40 68 79 99 13 74 70 2 47 29 30 44 25 59 8 48 58 25 61 15 37 78 44 34 72 34 89 15 46 49 41 91 43 26 10 33 9 57 91 94 71 17 4 92 71 70 39 56 17 59 56 36 70 55 23 7 82 17 95 74 73 10 49 42 33 90 47 74 31 33 64 16 28 37 36 32 82 90 10 21 85 76 25 70 84 66 100 11 6 6 86 100 78
 56 30 53 28 15 16 47 14 93 52 35 65 39 74 18 81 60 0 51 9 73 28 50 85 53 10 93 97 27 9 16 80 39 59 83 86 77 99 66 87 71 87 90 43 44 73 65 15 60 9 78 44 35 24 1 40 6 11 54 76 8 77 53 46 92 26 70 37 53 32 13 90 93 60 37 92 49 27 57 94 97 87 38 5 25 75 83 80 42 62 12 89 3 59 63 6 53 62 29 7 83 20 19 8 98 96 63 94 22 49 46 86 60 93 28 60 40 43 21 57 96 33 75 28 86 45 37 80 1 80 86 2 54 37 44 44 54 77 41 93 37 85 23 65 9 25 78 10 79 15
 99 82 28 96 26 86 66 26 79 41 24 2 75 92 42 40 57 19 9 11 72 51 39 30 12 40 56 83 80 17 77 76 82 9 57 20 10 34 56 99 90 25 96 1 41 64 92 27 71 32 80 89 82 28 85 11 42 55 93 47 19 96 17 30 88 34 62 30 40 77 22 30 45 56 70 34 18 24 39 52 61 96 53 65 25 64 72 76 3 37 58 35 99 5 46 53 66 24 45 83 86 42 24 47 6 86 71 69 18 82 38 26 79 54 65 82 61 57 75 12 5 37 94 34 32 61 33 18 90 3 88 36 18 78 60 58 85 31 95 2 45 13 77 56 7 91 77 88 3 86
 96 73 79 28 60 82 58 77 20 49 91 52 99 64 17 33 86 64 66 28 29 83 5 21 27 8 42 87 70 62 71 83 25 73 42 40 28 73 38 43 14 66 9 99 11 54 43 64 42 71 99 37 80 18 39 98 39 22 23 80 75 5 48 29 10 47 69 31 12 44 2 22 90 67 86 12 12 77 4 63 94 2 40 90 51 65 55 62 40 42 59 20 3 85 87 69 75 99 21 94 30 18 14 50 10 69 95 50 28 49 9 58 10 51 86 4 25 50 41 88 29 100 15 17 85 3 72 15 11 23 43 97 26 31 79 56 91 70 80 62 74 71 40 49 30 67 47 80 38 62
 2 17 47 27 93 78 39 65 100 77 3 91 51 16 65 82 21 74 1 43 41 24 44 9 15 27 2 53 64 25 86 44 26 22 52 17 26 44 78 8 5 73 18 80 96 63 9 2 26 4 83 58 28 85 6 6 59 17 65 19 29 41 68 95 38 71 85 56 49 98 88 86 96 71 70 22 11 41 40 28 13 99 93 67 84 82 45 1 69 35 97 16 23 46 22 44 9 46 75 90 68 32 3 39 31 70 81 8 87 47 12 63 12 73 16 64 36 53 66 80 64 40 75 31 50 62 71 82 36 93 24 79 41 2 56 80 13 30 43 72 30 70 25 60 81 98 6 87 49 12
 31 1 85 70 92 71 1 37 96 53 47 47 16 73 46 5 20 17 43 86 4 4 4 47 92 29 71 52 83 18 39 96 96 48 73 49 90 30 20 67 7 43 3 50 97 72 93 43 72 74 41 90 79 49 93 35 97 39 7 28 70 30 95 93 88 34 20 81 37 8 7 24 74 30 18 49 24 69 20 95 45 34 87 2 82 83 56 86 62 88 43 87 35 48 30 55 33 89 66 10 52 40 66 4 68 69 78 68 13 20 30 19 52 27 90 85 73 72 35 27 23 37 73 5 2 93 83 93 39 41 64 77 5 13 42 28 51 77 85 18 26 69 14 49 19 93 5 22 28 82
 70 65 11 95 12 78 83 94 5 29 31 39 9 97 23 20 24 83 4 38 83 95 89 77 1 63 66 43 75 72 28 42 79 56 52 25 0 28 68 1 28 88 87 54 72 65 78 87 56 78 40 0 38 87 23 70 14 10 58 92 82 7 89 92 43 39 69 61 84 41 14 93 7 89 63 66 31 71 22 32 31 19 67 58 89 12 31 82 67 76 77 49 2 13 22 31 52 84 13 79 4 18 76 83 87 83 21 95 93 97 30 11 22 59 55 61 52 37 30 79 43 58 87 14 44 42 72 32 73 99 1 53 96 5 83 94 99 24 70 2 49 87 81 67 86 31 69 60 64 80
 57 70 96 91 100 46 17 16 1 58 29 74 51 50 64 51 21 48 17 68 35 15 4 65 80 13 72 33 51 83 91 23 88 30 88 53 88 91 16 90 32 62 20 58 36 53 21 33 23 20 24 64 26 95 7 48 71 82 41 91 59 45 16 89 45 59 50 32 97 44 51 81 85 5 61 97 60 36 93 70 61 75 2 59 40 74 78 99 1 26 16 1 35 75 4 50 26 53 64 24 92 17 55 48 36 28 78 71 90 30 92 50 92 37 25 69 59 40 70 88 27 61 55 35 31 65 62 82 29 80 63 34 9 29 99 21 13 9 74 59 61 19 27 70 26 2 12 90 94 28
 38 65 63 8 90 97 3 35 66 23 58 83 25 18 55 57 39 86 66 20 97 9 69 41 65 99 0 74 74 36 84 78 36 93 76 59 97 9 82 28 74 17 12 81 79 10 36 63 76 44 66 69 38 42 99 64 69 99 10 44 43 67 51 85 14 9 46 94 61 77 96 20 67 23 47 97 80 61 63 69 74 91 68 70 60 4 64 24 77 87 20 45 99 32 27 92 16 75 84 43 6 10 99 87 43 79 49 41 79 30 78 43 46 13 95 93 25 78 11 32 40 61 21 38 14 86 65 9 94 66 14 67 65 97 27 67 3 55 76 23 20 73 93 62 46 28 36 61 23 54
 46 36 30 17 20 99 37 100 1 47 52 64 75 29 30 32 90 46 80 67 19 95 25 48 26 43 53 86 35 57 11 51 94 36 10 1 2 23 8 63 76 79 8 37 21 25 40 61 83 88 38 48 57 61 36 33 100 12 69 68 52 48 42 57 31 24 68 0 8 60 16 58 9 15 17 43 37 23 73 98 44 32 23 93 3 80 74 47 55 62 14 99 25 64 42 80 46 31 12 94 75 58 67 59 25 37 25 62 36 54 32 88 12 14 75 99 50 4 50 43 51 26 74 55 28 23 8 55 47 74 92 73 100 79 22 52 87 74 46 34 51 28 96 81 82 71 57 91 26 65
 10 44 85 64 75 95 84 69 22 83 68 52 94 7 42 50 22 82 44 60 80 90 35 80 98 26 28 30 73 8 60 52 99 60 10 52 53 62 99 51 12 34 62 92 31 38 27 97 85 45 59 89 37 5 47 45 30 88 23 55 75 74 22 4 13 52 88 29 69 65 62 85 25 96 84 48 51 37 79 85 72 24 13 47 58 46 52 79 46 79 50 20 2 83 4 42 89 51 84 51 60 69 11 53 57 58 68 19 56 21 17 86 90 76 34 70 62 96 23 63 24 39 34 47 53 80 91 66 36 88 41 31 16 52 85 87 29 16 11 35 42 59 45 18 63 49 61 35 53 1
 26 48 86 53 54 57 93 7 47 82 25 10 23 58 19 41 44 70 65 68 64 3 46 99 19 62 94 50 86 96 70 16 82 36 4 8 63 14 87 21 81 42 88 78 11 86 54 73 93 23 48 30 76 19 93 66 10 89 94 33 39 38 70 21 88 8 96 56 81 8 93 40 8 76 56 69 29 79 45 68 12 32 59 81 95 7 97 64 15 99 78 94 89 45 62 2 30 51 77 76 23 53 30 50 3 85 10 92 47 83 14 10 57 42 7 55 16 90 48 11 91 14 19 5 73 33 23 30 57 23 84 10 71 28 66 89 86 70 54 7 9 25 78 86 72 23 34 19 65 9
 98 28 49 65 22 85 48 4 59 26 92 28 71 89 3 80 18 75 18 11 53 59 15 73 59 71 91 12 33 76 35 45 41 97 36 86 12 45 98 21 18 75 83 74 62 3 18 78 82 70 93 70 92 0 79 59 49 44 77 29 1 49 33 6 2 2 83 56 56 8 66 16 24 27 24 71 91 84 85 55 88 5 31 22 35 98 32 92 12 14 26 42 43 63 62 4 61 61 49 66 22 28 96 52 79 66 9 47 88 9 88 67 2 66 36 68 54 63 72 32 92 5 61 21 59 51 96 42 22 46 49 17 74 40 22 63 40 86 76 69 63 15 8 84 87 0 13 86 77 31
 8 68 55 89 18 63 66 29 4 7 80 72 74 94 66 39 41 68 84 48 88 90 36 4 84 19 21 10 8 98 93 8 33 37 14 71 41 50 75 36 4 24 41 22 64 13 88 95 0 95 26 75 86 15 75 92 14 21 78 29 89 51 1 67 13 51 2 26 46 46 25 23 49 96 77 49 9 87 75 34 7 97 83 67 79 100 54 54 51 81 90 32 22 57 76 18 90 1 88 4 52 21 34 73 65 11 54 67 8 8 55 3 46 21 21 25 62 46 68 18 49 28 91 17 79 58 46 1 32 67 77 70 67 54 5 41 64 46 14 5 48 28 95 59 68 72 39 38 35 50
 19 67 21 66 63 87 22 11 82 47 96 25 26 82 64 47 86 47 29 79 19 73 65 2 41 72 32 41 64 5 47 63 88 55 85 98 52 52 63 56 4 9 41 48 54 14 41 75 36 1 14 69 3 59 20 98 83 42 64 32 58 59 78 2 6 71 57 27 83 68 42 49 54 15 5 17 84 22 75 18 69 39 19 38 72 28 1 14 22 5 79 48 57 54 19 5 15 26 64 24 14 24 84 29 34 25 50 44 90 61 1 68 66 69 79 14 17 52 81 22 54 31 99 42 38 23 89 47 23 56 16 80 86 8 56 62 19 18 32 21 44 18 35 15 90 25 92 73 90 55
 70 42 84 14 10 16 82 6 2 60 4 27 69 37 90 22 54 74 8 3 40 15 40 57 62 81 12 78 68 29 68 77 89 80 69 72 2 9 34 93 14 6 78 0 25 71 84 19 71 4 87 81 67 42 65 51 42 11 43 14 5 48 31 92 12 69 20 94 19 76 96 20 37 54 52 43 72 69 11 74 75 76 71 75 86 62 68 43 16 67 30 78 15 18 36 72 26 55 100 25 88 49 64 75 57 8 15 3 45 78 46 59 23 12 13 98 89 81 56 49 61 85 87 28 38 39 44 93 95 50 19 27 17 13 32 56 88 51 12 71 72 51 33 80 44 63 28 42 5 42
 62 87 70 66 83 21 66 33 67 69 75 69 54 35 18 51 50 56 1 73 61 31 80 92 37 97 70 4 63 93 46 24 38 80 46 32 73 68 82 86 69 23 20 29 70 50 87 43 42 39 46 90 31 33 44 24 68 77 20 35 5 19 85 26 29 56 97 5 88 64 14 62 95 61 2 99 29 60 32 36 90 54 43 40 37 83 14 95 31 16 99 79 73 43 29 31 10 47 64 35 96 70 50 1 82 32 100 7 60 68 43 0 13 53 21 53 85 41 82 76 49 17 58 64 35 72 19 90 2 74 88 99 78 7 54 45 66 19 32 5 66 60 0 12 0 73 73 27 69 37
 77 75 3 39 41 82 4 92 5 8 75 55 23 76 8 81 22 51 20 25 45 47 83 93 90 23 16 53 28 80 40 81 17 5 13 46 15 31 34 83 40 90 37 93 70 84 61 26 6 69 89 22 99 39 41 0 49 98 30 35 18 14 20 80 34 57 84 1 93 36 4 9 33 30 90 55 23 55 81 62 32 3 89 62 84 18 21 86 62 37 70 60 75 6 24 42 19 29 83 66 72 92 91 57 98 35 82 94 42 63 2 84 5 52 75 19 68 80 26 80 79 41 56 33 80 62 55 56 33 55 7 96 35 27 61 61 29 57 75 20 73 84 88 71 18 2 20 12 42 74
 20 23 10 34 98 35 32 97 2 20 37 40 51 13 9 98 1 65 37 43 51 49 61 72 46 49 100 12 0 5 43 65 91 36 71 100 22 77 30 77 90 66 50 56 3 77 52 63 18 14 98 10 10 84 1 32 50 29 31 91 24 66 49 74 59 32 9 23 65 38 66 12 4 73 82 8 92 14 97 64 47 26 79 72 5 85 41 61 75 89 87 5 23 18 57 82 50 72 78 3 62 59 20 62 91 67 55 89 47 65 26 2 96 25 36 82 96 95 88 93 75 4 31 41 77 64 95 26 96 34 96 4 23 3 55 60 3 34 4 8 32 11 78 98 66 47 2 9 7 70
 79 66 91 51 11 31 16 84 79 24 67 47 57 60 67 25 26 12 44 86 0 9 10 52 47 44 60 50 37 51 89 12 50 16 69 29 93 30 38 26 91 81 81 63 67 82 42 38 96 10 2 32 16 94 2 96 10 22 78 7 37 33 91 86 46 1 59 38 2 37 80 85 92 77 70 13 51 68 82 4 21 25 15 32 54 19 53 48 87 45 40 17 70 21 15 17 6 44 13 11 53 48 66 24 48 14 20 69 87 83 4 87 55 16 27 29 92 75 28 55 29 76 15 23 96 21 44 10 80 52 60 60 12 63 25 28 44 45 62 32 20 5 74 67 78 2 94 49 85 63
 67 65 49 5 24 39 8 43 75 41 100 17 67 59 4 1 88 79 98 47 20 33 52 47 89 43 11 56 61 8 72 38 63 14 36 3 32 36 48 58 48 59 100 79 18 84 43 33 16 25 87 48 97 97 91 62 86 91 72 98 65 69 96 16 31 75 76 74 67 62 22 15 50 94 94 67 55 59 65 96 17 62 24 35 10 73 60 83 22 81 74 28 33 10 90 35 94 25 81 4 41 28 90 68 73 92 49 1 87 28 34 87 17 16 40 68 24 62 31 26 23 82 90 57 33 98 25 6 89 8 50 83 37 48 13 41 58 12 4 42 50 35 97 28 83 10 94 3 98 77
 48 87 45 100 95 63 99 12 12 72 54 43 97 59 92 93 19 16 26 42 31 24 47 81 39 2 75 8 65 19 58 66 43 27 19 45 17 96 19 53 49 8 85 85 27 87 59 21 59 88 51 82 6 23 79 56 90 72 97 61 7 36 80 85 20 36 2 20 93 88 70 30 94 28 95 22 91 93 58 78 97 38 55 82 99 66 46 11 24 86 74 33 99 42 29 11 73 2 60 72 8 52 51 37 37 86 55 94 60 90 43 55 29 60 3 21 76 92 63 11 55 87 23 20 38 53 62 26 16 40 44 39 1 48 28 12 24 72 34 37 7 22 68 100 19 72 68 30 79 68
 87 9 58 55 26 19 7 50 45 41 8 39 83 15 45 60 1 43 14 9 3 70 42 99 77 13 97 73 77 35 63 58 29 55 62 43 64 50 15 82 80 31 54 72 14 74 58 47 30 89 70 90 29 17 58 9 20 8 60 68 87 34 13 12 86 36 78 58 70 36 88 91 40 37 42 44 97 88 19 30 94 52 67 19 92 94 81 81 88 67 68 41 87 67 16 60 96 47 98 91 45 38 28 16 41 100 63 16 69 96 69 43 28 92 4 42 39 94 83 59 24 21 28 31 77 71 96 89 81 58 84 90 47 38 22 98 77 47 54 57 100 63 52 97 49 91 44 7 5 79
 99 48 26 47 73 54 40 21 11 16 48 1 58 26 19 73 9 33 3 14 0 47 26 24 20 70 54 23 95 24 85 32 29 8 9 49 40 44 83 73 94 81 55 56 38 65 95 86 74 19 50 93 18 58 21 97 13 96 4 2 66 62 67 62 43 83 97 43 37 13 15 28 45 1 38 84 38 58 2 16 33 32 53 97 77 39 78 46 38 10 88 24 73 21 76 99 12 79 47 49 98 50 1 91 30 81 70 39 27 1 73 70 19 28 58 73 89 66 3 86 72 88 9 49 90 84 92 82 73 29 28 32 55 36 19 23 6 37 52 81 35 60 81 11 39 58 35 87 5 4
 40 47 91 29 53 84 16 81 50 36 68 75 65 4 64 62 52 98 51 44 47 55 50 31 6 86 31 20 94 47 81 20 97 91 74 16 27 48 89 87 24 55 12 10 41 4 73 6 10 85 72 24 79 27 59 89 50 16 14 46 70 50 63 77 81 98 98 18 84 74 93 82 49 84 93 67 38 61 70 82 72 57 80 60 91 32 44 71 88 49 22 46 7 10 98 6 35 94 66 78 97 35 81 28 28 35 35 64 88 44 59 65 58 90 62 85 96 16 68 70 85 3 42 45 77 90 96 52 59 4 46 27 64 16 9 83 0 3 68 11 76 68 1 15 83 80 47 84 7 40
 56 85 13 73 7 78 50 2 90 60 39 4 3 32 68 15 42 68 75 11 90 76 14 95 37 95 70 74 21 71 17 65 15 86 8 58 79 72 27 24 46 19 11 25 92 94 1 95 11 32 75 52 52 54 70 42 91 64 36 82 13 20 48 54 50 18 74 85 45 7 62 87 79 75 70 96 19 60 75 5 54 85 2 54 22 89 1 61 77 93 37 40 62 2 3 26 60 84 42 15 83 64 72 45 57 58 6 95 83 29 7 97 85 66 79 42 31 2 5 63 41 28 50 18 15 11 71 51 12 32 59 90 1 96 84 23 19 91 43 58 70 72 56 98 11 2 98 20 37 76
 35 6 61 54 90 75 71 34 89 33 100 67 58 79 97 70 99 45 78 32 76 56 70 91 95 97 16 5 20 99 7 74 15 98 91 53 75 56 95 26 77 90 49 86 90 39 59 95 76 85 66 71 15 30 43 95 77 49 41 91 88 9 63 81 8 81 46 10 97 72 64 65 46 66 24 45 91 36 23 30 36 72 2 96 9 59 1 71 16 82 19 17 35 93 69 1 69 22 76 32 70 69 63 0 80 51 20 73 53 68 69 36 76 29 99 51 91 17 41 42 25 83 68 25 92 66 67 48 30 24 93 13 78 78 60 49 13 94 72 100 11 11 63 43 21 4 31 74 54 78
 94 80 4 83 84 32 17 31 32 36 6 75 12 55 29 9 11 46 22 40 62 72 64 72 74 59 40 14 46 48 43 72 89 7 66 82 22 30 83 9 55 88 23 72 89 70 71 98 6 34 84 4 25 100 59 86 45 74 41 15 85 20 80 47 80 89 17 60 92 87 31 79 85 53 58 57 86 76 99 59 3 1 65 69 7 62 51 8 27 16 20 90 45 16 78 61 57 33 12 72 50 16 15 20 61 53 29 78 33 57 56 37 36 19 3 22 41 51 10 19 65 96 93 54 100 27 54 14 21 81 70 11 49 56 53 10 14 7 28 83 41 30 50 80 37 58 59 3 74 99
 95 25 24 85 64 71 69 65 96 90 10 99 64 85 82 71 53 38 79 68 45 45 43 7 98 82 95 99 97 18 27 11 85 75 5 10 98 79 80 64 100 57 45 12 16 17 79 59 72 84 48 95 77 58 13 25 78 1 84 11 52 39 83 81 30 46 39 55 6 15 9 41 99 52 78 10 44 37 2 98 7 82 70 85 10 5 33 66 66 94 5 3 37 92 16 46 95 80 88 39 53 3 12 6 36 76 94 53 72 73 45 32 72 33 79 10 53 92 25 53 37 16 80 4 59 7 36 91 93 33 88 15 41 22 50 40 40 17 48 63 30 70 7 76 12 6 100 73 81 60
 84 17 49 97 69 71 53 90 34 21 95 14 46 3 1 98 52 10 48 59 75 49 79 39 92 65 91 48 6 97 11 53 34 28 87 61 51 23 16 59 29 68 39 73 26 24 80 29 21 50 79 99 2 8 97 19 9 2 30 89 53 100 94 18 50 20 4 1 97 30 43 68 68 47 1 85 80 30 2 67 53 2 93 73 52 23 34 62 6 10 23 62 4 99 33 89 24 74 66 15 51 12 43 68 59 71 73 29 2 92 52 90 42 47 12 54 8 44 36 74 53 89 34 11 44 97 58 50 82 22 72 64 17 96 36 92 86 2 71 92 72 44 71 25 36 25 34 37 35 86
 60 80 81 60 35 76 34 43 72 97 82 28 86 94 76 55 83 72 30 27 24 73 34 23 42 50 7 70 25 54 57 87 99 2 41 16 25 90 7 59 33 65 34 15 26 37 14 82 24 64 47 35 19 90 33 49 98 86 79 75 11 61 73 47 21 38 95 60 96 26 69 65 61 14 91 31 94 37 16 74 29 15 44 39 85 33 31 27 67 65 61 87 56 49 89 88 24 42 60 81 50 81 28 25 38 78 82 71 55 69 66 46 70 77 36 31 10 42 93 82 80 42 33 49 61 22 49 23 16 92 94 84 86 84 76 36 85 45 79 10 13 50 12 46 78 98 98 1 88 22
 51 72 50 49 47 47 92 78 27 2 81 36 88 74 69 67 55 76 59 59 49 33 23 69 72 31 24 21 52 68 99 76 71 54 77 88 57 64 88 52 41 50 39 44 22 51 60 46 64 81 50 5 40 16 98 55 79 90 53 83 28 44 62 29 84 73 36 32 64 53 83 37 8 74 13 62 92 72 31 99 66 12 7 93 98 92 15 24 30 17 75 76 67 95 3 55 71 15 42 20 78 74 78 80 31 59 58 8 89 61 54 15 70 82 77 2 85 76 52 22 66 88 23 11 34 47 42 97 78 63 42 48 23 87 24 40 11 82 2 58 60 60 27 76 51 96 58 91 37 73
 32 90 4 7 15 30 59 15 99 70 56 94 42 98 32 66 48 69 4 73 85 48 30 99 93 74 89 36 28 94 15 63 68 2 83 88 36 31 67 34 65 42 66 51 30 37 96 31 12 91 89 73 28 75 32 42 24 38 42 91 19 67 91 23 87 22 66 97 33 13 30 18 7 29 56 43 12 61 85 93 24 15 1 31 2 42 30 29 5 63 7 45 60 98 56 49 71 56 46 86 34 44 73 17 44 56 64 52 73 42 59 81 22 4 69 2 84 35 30 84 80 66 53 40 2 16 6 55 85 82 42 94 74 84 34 92 72 69 52 71 40 76 41 71 34 70 69 65 22 78
 7 8 17 52 55 44 45 62 77 35 98 50 75 73 41 70 37 91 95 83 5 67 80 14 96 29 91 41 64 20 78 56 23 68 92 34 4 54 2 22 78 6 89 16 25 93 96 10 56 45 98 60 2 52 2 57 78 7 38 87 18 5 9 97 50 13 76 24 76 96 51 49 99 29 90 15 6 49 86 8 51 81 63 43 45 48 19 37 4 56 74 42 60 35 49 87 88 37 18 36 76 6 51 42 79 83 7 89 22 63 78 87 61 32 96 74 67 50 27 42 86 57 31 31 83 48 16 84 75 12 54 96 16 48 39 4 87 5 10 37 48 6 92 2 20 72 24 73 66 19
 75 12 59 4 32 5 54 76 96 79 90 21 33 41 97 80 16 6 95 85 98 81 53 77 8 96 55 28 11 69 77 96 65 84 17 44 25 42 12 40 86 56 44 8 59 50 87 77 57 80 62 38 37 2 76 19 57 23 95 7 47 84 26 63 1 42 76 36 1 57 2 38 43 30 4 54 41 55 70 46 53 89 72 95 78 34 48 86 38 51 9 26 48 2 98 85 65 57 28 99 62 87 85 25 12 22 19 79 40 81 41 26 1 17 85 14 50 66 68 75 61 93 72 93 33 70 43 27 78 65 7 97 17 55 29 17 18 15 85 37 62 34 6 94 15 59 89 75 78 94
 90 42 11 80 55 35 62 53 52 79 53 41 19 19 35 65 28 86 99 31 52 45 67 81 3 14 8 40 99 51 18 70 5 74 44 20 35 42 22 55 66 53 7 96 73 97 43 3 6 73 83 63 47 78 70 81 57 7 30 29 73 66 23 80 87 59 92 62 52 30 4 40 21 19 53 30 33 9 19 24 53 50 51 21 77 6 69 86 19 21 51 47 23 31 71 73 17 19 46 75 43 96 25 43 8 51 10 92 88 41 5 71 95 85 87 60 85 68 27 62 66 57 74 75 88 52 59 64 57 86 80 82 62 48 9 22 68 50 38 90 3 9 14 29 9 65 84 19 33 1
 27 10 48 99 58 97 71 58 57 51 36 10 89 65 33 97 34 7 17 89 18 43 62 24 2 66 8 6 25 85 74 29 33 39 21 56 70 11 100 71 53 45 100 82 2 2 22 58 2 67 1 53 28 29 96 32 83 49 16 34 51 81 43 64 90 100 98 93 25 5 39 54 47 24 78 100 44 38 4 42 54 76 7 19 51 95 80 22 93 30 3 59 73 58 81 6 69 97 33 32 71 26 78 28 19 74 32 53 82 2 59 52 39 98 11 31 55 88 27 34 98 62 78 88 60 28 23 42 74 84 9 69 100 45 66 2 27 17 80 77 39 12 24 87 13 75 32 18 29 50
 38 89 41 8 36 7 62 77 7 79 77 19 24 91 53 81 35 82 59 3 55 23 26 77 51 32 62 43 23 19 89 73 53 71 30 73 36 93 70 33 75 85 7 73 52 23 67 34 23 85 48 75 99 75 45 8 90 69 58 65 18 28 95 5 76 29 23 95 64 43 7 3 62 4 31 48 37 98 98 71 28 2 17 7 91 13 70 33 35 47 6 38 55 14 66 85 65 63 88 25 96 10 18 2 59 89 88 70 91 90 23 59 22 14 70 2 69 76 97 6 50 42 45 19 99 1 91 5 51 68 4 85 55 17 74 33 30 33 70 92 45 13 50 41 32 24 61 98 68 94
 63 28 36 80 3 75 60 67 89 26 66 76 9 38 83 76 64 4 75 45 63 21 36 53 17 63 48 64 72 62 37 71 62 82 66 37 35 12 80 33 52 50 42 36 39 68 95 99 88 47 93 46 95 80 44 49 44 40 32 35 0 84 69 4 16 10 44 9 24 88 21 53 67 19 37 80 69 93 13 5 46 90 40 67 13 100 59 5 99 7 39 11 65 25 83 80 24 73 68 9 11 26 95 76 18 16 83 35 5 68 19 85 10 82 60 24 66 71 67 75 7 40 71 90 90 94 35 96 16 94 56 37 61 26 23 59 14 37 47 15 34 25 12 30 16 4 18 37 29 46
 1 13 77 62 19 82 96 3 90 43 53 16 33 31 87 71 8 61 82 57 2 97 16 35 94 86 94 49 71 27 90 18 93 22 22 33 50 99 89 64 27 66 77 18 4 79 56 62 20 22 64 46 78 43 92 73 86 64 18 17 1 54 94 24 38 33 30 94 45 66 4 68 56 71 14 74 49 20 71 38 94 98 43 10 55 2 93 32 66 43 77 97 6 16 32 53 42 21 7 80 67 98 54 47 71 84 96 18 42 90 36 52 43 11 60 20 61 26 91 56 86 67 85 28 94 8 76 92 82 28 57 8 16 78 65 44 17 3 66 98 30 73 94 25 62 30 83 61 96 39
 58 81 52 97 12 93 61 93 93 92 22 12 49 29 6 75 29 46 94 76 4 47 25 75 20 80 7 20 35 7 68 43 41 92 51 13 38 57 34 60 89 64 23 91 42 30 69 64 26 99 18 51 97 48 31 30 22 73 97 96 60 50 83 84 79 30 5 53 99 34 26 19 14 54 48 74 34 21 58 12 47 65 19 97 44 40 30 86 47 20 36 17 25 76 6 83 23 64 83 9 52 53 34 83 21 97 58 45 84 3 40 27 73 39 57 57 41 61 82 76 63 23 16 91 29 71 58 89 11 16 50 83 48 97 90 55 19 54 65 71 77 31 77 83 92 69 33 23 15 6
 30 51 83 67 7 96 92 64 8 72 6 12 25 70 24 90 93 60 48 75 35 29 89 52 17 92 40 6 2 34 90 1 60 51 39 80 56 3 28 44 85 30 42 63 100 7 37 60 2 39 6 79 71 88 96 37 44 6 37 44 99 76 6 81 85 40 80 15 55 37 14 50 93 88 53 65 69 10 29 82 90 46 38 39 86 30 70 16 77 20 81 75 72 48 36 45 58 49 64 52 63 15 87 22 90 91 95 64 12 80 92 30 36 42 15 85 34 90 7 13 11 78 23 43 58 60 98 44 72 51 65 78 36 89 43 61 34 11 97 6 41 49 38 96 46 18 50 72 34 42
 64 94 97 22 19 71 60 11 69 93 31 37 80 93 60 43 3 0 87 98 97 48 53 10 99 53 65 90 65 17 19 0 57 58 47 13 78 90 21 60 39 83 68 90 74 65 35 78 91 11 60 49 46 36 6 88 72 80 25 66 3 68 64 1 63 45 11 19 63 23 78 72 17 1 6 56 25 84 30 43 52 12 28 80 78 51 59 30 49 14 22 23 85 73 8 89 95 66 99 17 27 93 70 100 36 45 1 46 18 61 35 63 16 5 18 37 62 35 52 87 26 68 91 97 9 70 43 86 50 23 87 97 92 27 99 62 25 82 21 90 76 82 38 82 86 64 40 54 62 58
 79 1 85 55 41 27 44 57 61 43 42 91 81 7 21 34 80 20 53 74 99 85 47 99 61 89 36 63 65 15 44 56 96 75 12 64 99 96 27 45 38 40 26 9 47 80 56 69 40 85 57 59 5 57 29 23 40 82 94 16 93 37 60 35 86 76 85 18 30 5 54 11 53 44 90 70 34 65 45 83 5 48 69 93 75 89 74 36 15 17 15 27 51 9 78 2 42 48 52 84 78 28 31 27 21 23 18 53 14 29 93 70 1 96 25 91 61 65 81 18 1 75 70 33 6 80 34 29 63 1 29 16 22 46 98 23 47 96 86 97 56 32 3 5 48 85 77 66 32 54
 61 26 26 28 74 43 72 76 83 87 50 43 99 10 49 65 81 51 75 72 52 8 47 78 77 53 91 35 13 87 34 51 16 45 37 39 76 49 62 55 38 98 46 6 20 25 50 88 19 95 90 87 66 95 26 65 49 47 39 71 7 90 18 92 6 3 47 6 18 95 56 5 86 96 60 12 7 64 45 97 90 14 18 86 25 24 30 98 76 61 83 51 15 100 36 41 67 47 38 29 48 52 59 90 77 90 27 1 40 9 37 46 59 66 84 87 32 72 8 44 50 86 35 65 62 20 56 63 42 61 36 79 20 33 41 52 95 19 14 90 86 63 78 73 98 39 5 69 2 99
 17 37 86 71 37 95 75 11 51 62 40 97 66 1 38 90 27 57 81 48 16 32 60 81 2 100 84 87 11 66 0 70 46 97 68 52 47 8 43 71 86 28 5 40 11 73 26 51 72 51 77 26 50 64 48 82 67 95 35 17 39 74 26 78 67 38 26 31 44 25 11 37 13 45 1 71 5 84 18 59 15 81 19 79 56 43 8 89 48 18 64 91 22 49 90 38 22 59 5 44 97 77 83 62 21 92 56 0 76 50 26 13 36 7 18 25 46 22 3 92 27 61 55 75 87 50 21 37 94 54 54 6 93 55 43 58 25 66 13 65 42 48 66 41 77 74 31 34 60 95
 46 13 54 14 33 56 14 65 61 20 83 6 75 49 3 69 77 22 86 72 8 69 39 85 24 61 38 3 47 33 16 54 81 29 4 43 70 98 33 84 91 52 62 75 27 68 11 22 16 54 21 58 6 70 71 37 54 96 60 42 57 25 9 67 45 7 48 76 64 9 99 39 94 75 6 85 57 77 29 54 56 30 84 98 63 34 49 57 74 23 71 96 57 23 74 3 33 29 76 91 36 83 43 65 82 14 18 3 61 96 41 81 66 48 67 41 36 34 56 79 41 69 86 67 30 87 67 27 64 77 77 29 54 20 86 36 94 82 21 21 33 73 0 88 11 36 18 7 11 57
 91 19 22 60 96 13 61 0 92 44 28 59 19 74 35 23 88 78 68 88 5 23 31 97 21 92 4 34 23 21 75 77 53 97 100 64 95 1 96 30 80 53 70 37 41 41 74 7 51 78 58 57 72 91 67 14 84 72 39 45 1 94 18 51 38 50 30 2 95 55 48 46 25 44 17 58 64 81 75 9 67 93 77 42 72 64 39 58 51 71 96 50 58 25 78 74 64 11 73 66 37 41 15 29 46 51 30 1 21 69 46 75 63 25 12 98 8 21 90 13 62 95 13 52 69 16 37 33 42 95 31 47 61 36 99 52 84 4 62 22 94 31 34 65 86 33 32 47 36 32
 14 58 26 3 70 13 74 20 34 88 42 62 17 9 64 21 65 57 26 64 98 42 11 94 22 70 71 19 28 40 54 74 56 84 58 59 54 10 52 78 21 8 47 1 57 73 48 88 49 97 54 92 36 46 3 60 97 31 32 55 51 61 94 52 30 16 83 1 37 18 27 81 24 77 62 91 78 74 44 9 23 99 60 98 46 55 92 60 36 29 80 28 11 3 39 59 38 79 80 66 37 51 37 43 54 70 17 97 17 36 20 48 15 8 4 97 19 57 22 5 22 52 72 31 68 30 14 97 60 34 37 40 88 88 74 60 17 9 62 26 92 43 38 38 20 81 15 10 83 2
 52 58 80 29 84 90 79 65 63 55 39 95 46 44 84 0 88 20 80 42 84 46 60 78 22 18 43 35 34 68 33 21 35 53 36 3 97 38 12 34 72 41 36 86 29 11 82 20 4 38 23 31 55 25 86 34 23 95 60 23 59 65 36 68 92 51 42 18 56 66 67 31 71 13 85 25 52 48 97 90 41 75 1 87 88 60 48 68 3 94 40 95 68 8 71 98 52 17 25 91 48 56 36 72 30 78 42 20 80 67 24 43 79 95 50 34 9 92 95 57 30 99 10 18 57 40 77 97 19 22 44 56 86 63 96 87 48 2 90 66 63 77 25 17 77 78 7 31 96 55
 81 87 49 77 40 77 93 48 76 15 74 26 64 97 48 26 51 19 38 40 65 37 49 68 43 94 37 58 0 42 83 11 35 11 15 94 51 80 67 14 92 7 32 16 51 61 29 31 90 69 54 83 42 48 11 34 37 44 59 83 99 68 81 6 63 85 49 41 65 73 25 11 35 35 54 52 42 27 94 6 98 1 63 96 5 41 95 80 96 78 71 90 22 75 28 2 44 23 72 76 25 38 59 65 48 85 83 90 52 83 75 8 70 98 48 33 21 13 29 45 17 22 78 29 50 99 9 81 74 72 20 32 46 73 67 75 13 34 40 77 71 57 90 93 71 36 46 98 97 74
 23 96 29 58 47 18 25 66 83 98 24 67 16 56 60 38 61 14 82 65 79 89 48 59 69 63 10 58 18 44 49 65 15 94 89 41 39 86 88 74 81 97 21 97 100 12 95 2 78 49 65 63 26 36 59 82 73 97 74 88 66 18 33 52 65 64 66 99 52 66 61 1 86 62 60 12 73 50 11 87 43 75 81 99 42 56 27 63 94 31 62 74 33 43 56 27 3 66 60 46 5 82 52 72 10 74 91 55 21 3 57 32 45 11 74 93 65 73 82 39 8 30 93 20 61 26 53 62 69 12 39 98 95 44 64 53 80 19 62 5 33 38 21 78 43 16 18 61 11 28
 99 8 71 99 84 93 45 9 38 52 84 71 58 91 74 59 53 41 58 73 88 81 28 38 98 89 37 62 27 50 61 7 64 61 60 71 84 12 93 46 78 0 19 85 67 85 61 93 2 42 33 10 5 20 50 51 89 89 14 84 65 48 10 19 57 11 34 28 69 85 99 46 9 23 77 5 38 25 87 5 65 1 89 1 19 78 44 24 41 77 62 39 85 78 100 51 96 38 16 96 41 21 87 3 18 21 41 47 17 83 27 61 18 15 74 30 12 44 29 32 24 27 86 72 20 36 67 73 79 85 83 75 95 29 10 59 94 36 29 94 89 43 48 61 63 40 7 98 49 96
 81 24 26 20 56 25 3 38 47 76 76 49 95 97 18 4 10 96 8 96 33 57 43 40 85 8 59 14 1 77 90 86 28 77 49 31 32 29 17 6 77 28 61 40 52 98 92 25 64 99 80 51 98 11 84 62 45 95 6 38 82 67 72 84 82 97 54 29 85 84 85 80 69 13 34 92 87 5 34 94 80 23 31 15 35 82 20 72 73 12 76 97 48 92 49 85 46 70 48 94 38 28 96 4 96 47 17 70 33 83 86 92 73 75 28 29 61 85 63 93 98 9 81 68 70 65 26 89 95 13 92 32 78 85 9 99 37 59 42 73 3 85 32 18 90 25 72 43 92 50
 20 91 59 84 1 84 87 41 62 44 60 83 10 60 68 31 84 68 15 44 9 79 14 63 73 54 69 33 18 90 74 26 66 82 14 52 79 89 23 34 16 83 8 64 65 38 53 74 29 37 35 67 65 83 91 7 2 20 24 5 1 12 27 63 24 89 2 62 62 7 4 37 77 32 92 70 82 24 43 83 48 64 79 60 86 35 89 72 97 53 58 65 69 57 81 67 86 3 40 16 39 59 75 21 61 69 11 32 95 19 95 96 54 96 25 14 10 16 66 60 65 52 60 34 8 22 67 23 40 12 28 36 71 50 43 15 15 48 90 96 75 88 44 80 80 91 24 64 81 56
 56 34 82 77 67 96 19 32 40 23 41 48 63 34 74 95 48 59 91 39 54 20 64 98 94 77 58 33 25 82 64 99 24 72 22 100 50 77 46 62 84 77 71 27 57 49 80 94 6 84 75 17 29 28 56 29 2 41 49 66 91 6 56 69 7 90 30 31 18 53 27 86 17 90 80 29 61 4 61 87 35 52 72 83 80 97 74 59 71 88 80 29 61 76 76 25 23 73 46 7 63 55 67 10 96 33 4 40 12 45 10 56 38 5 33 58 21 40 30 15 4 59 70 4 30 32 3 9 85 1 79 53 14 73 47 5 84 21 52 79 25 10 63 39 28 61 55 34 39 16
 56 17 52 72 19 8 59 28 16 80 41 23 77 82 54 88 44 5 32 19 40 48 48 25 64 90 76 85 70 50 58 58 64 18 57 55 55 45 23 36 5 96 60 24 6 80 41 43 36 95 54 46 96 61 38 54 35 66 66 13 1 16 40 17 66 74 76 99 70 22 15 64 40 42 84 36 32 71 14 82 66 62 96 86 32 39 6 31 28 67 44 54 36 12 11 45 74 47 31 27 56 83 96 85 9 54 41 7 4 49 42 92 41 54 91 44 5 14 33 94 91 36 93 31 88 99 18 19 40 89 86 90 12 45 63 20 70 94 14 40 85 7 55 69 93 49 78 22 32 5
 86 56 69 17 12 3 82 95 30 14 91 49 44 10 13 47 85 45 40 58 99 82 82 56 82 86 47 42 78 96 0 64 49 66 88 38 64 15 5 71 62 86 52 99 68 36 56 84 87 78 45 86 46 16 53 39 98 56 98 44 74 76 90 62 5 40 32 27 65 55 68 45 19 6 7 75 61 29 92 31 56 79 66 4 41 65 84 43 45 36 54 99 28 91 82 56 5 96 52 56 84 76 62 75 36 93 44 55 16 16 16 75 89 69 69 89 14 85 71 83 75 75 36 47 83 38 48 29 83 58 86 65 49 55 18 99 42 28 44 27 48 49 85 8 58 80 91 96 79 65
 23 28 37 2 55 32 8 49 71 23 22 46 78 6 12 45 54 29 53 2 23 84 1 8 2 32 14 89 64 38 16 97 73 76 32 88 58 59 21 95 96 59 27 75 47 98 83 58 56 37 82 72 21 60 84 46 49 10 9 21 41 44 35 78 63 13 71 40 57 61 46 4 32 96 6 99 55 6 69 10 16 42 51 67 28 99 28 11 61 14 60 9 84 82 79 26 47 88 85 38 78 50 67 25 59 47 62 42 37 47 85 10 92 47 66 86 54 40 28 26 90 41 72 89 23 55 74 40 83 30 19 37 6 60 40 61 48 40 5 88 7 95 29 11 44 27 67 95 1 62
 39 81 62 32 28 60 7 23 35 38 28 89 87 65 49 87 79 91 20 69 61 75 66 40 93 30 37 18 73 98 46 28 16 14 6 2 83 52 8 75 51 52 25 75 63 57 47 25 4 99 26 30 44 53 35 47 41 75 73 43 3 97 16 28 74 79 50 38 1 57 73 57 5 7 24 86 37 72 16 56 77 66 16 82 79 7 25 0 18 100 82 92 66 100 18 37 77 21 64 87 59 58 70 7 77 9 95 25 83 9 23 61 8 26 52 78 70 42 90 55 98 53 17 96 49 48 40 79 41 10 61 32 9 41 15 75 32 70 68 49 51 72 4 41 82 26 23 55 50 33
 6 17 78 71 72 87 48 49 37 28 24 56 17 92 17 27 79 55 92 15 53 75 43 30 69 67 82 48 33 69 81 24 69 69 23 37 90 9 3 23 74 99 12 42 27 3 56 73 50 17 35 99 97 99 42 95 60 9 34 64 75 78 10 43 91 50 90 19 28 24 14 29 31 97 97 2 92 60 30 97 40 68 23 58 84 38 28 30 52 3 7 13 53 13 21 6 19 60 56 19 68 39 58 94 56 46 78 67 54 68 6 89 53 46 13 95 37 39 11 94 37 63 85 45 76 24 74 55 35 78 84 46 40 51 41 50 78 0 42 91 23 5 87 92 12 60 52 2 15 56
 95 36 51 66 23 49 84 88 50 98 61 33 25 23 56 53 51 17 35 44 20 7 81 98 93 75 59 93 56 51 21 36 52 30 37 92 4 83 54 18 66 15 11 4 96 87 12 80 69 39 17 62 51 47 10 76 19 79 25 14 50 19 43 7 49 10 60 73 94 7 48 87 46 72 23 64 90 100 67 63 56 18 99 98 57 65 24 7 32 60 49 57 15 44 10 96 59 78 30 19 5 75 17 64 75 1 91 50 15 21 79 7 19 22 70 82 50 83 85 38 70 18 99 47 93 1 60 10 81 63 57 24 99 66 42 97 31 30 56 38 23 79 71 55 18 29 67 88 39 73
 49 54 28 64 19 63 25 63 9 82 42 76 42 1 25 91 4 74 46 64 56 82 97 90 86 76 49 51 51 24 88 12 95 55 93 56 66 90 8 29 95 45 16 68 26 84 34 39 14 95 96 91 87 45 93 42 14 48 5 63 99 10 24 28 20 12 12 34 39 6 85 28 41 31 1 59 6 44 83 4 50 72 13 32 49 11 79 12 41 47 70 48 44 83 39 58 16 53 55 81 81 2 31 60 44 78 80 71 54 60 40 79 5 38 96 48 35 78 77 44 86 22 42 23 61 63 19 30 53 59 92 45 45 42 74 24 60 50 67 45 46 20 38 83 44 92 92 68 18 22
 34 89 44 99 53 6 33 53 95 30 77 28 21 97 84 69 99 7 97 58 77 57 14 12 92 23 6 78 16 49 83 32 97 79 55 61 66 29 88 6 23 35 89 70 36 55 30 46 14 69 11 29 18 97 52 24 36 36 14 75 44 65 53 61 94 93 42 52 76 95 16 99 80 38 91 60 48 85 42 57 0 15 4 97 65 2 66 92 48 50 97 27 83 35 10 50 51 80 38 87 38 34 67 100 79 90 49 97 91 57 68 34 14 92 52 40 8 26 17 11 0 92 56 33 19 67 100 3 54 34 92 27 98 26 62 86 12 6 24 93 56 14 21 68 86 64 11 12 74 62
 53 34 30 81 9 13 77 17 37 94 1 31 83 80 36 31 11 84 58 84 37 92 35 91 59 13 41 24 98 53 85 64 93 5 61 51 85 68 32 99 9 57 12 32 23 63 52 51 7 59 62 30 41 3 42 56 4 19 37 5 36 70 37 89 76 32 28 92 17 89 61 69 45 4 4 77 77 32 18 23 83 26 46 83 50 65 35 96 38 74 48 65 19 56 88 79 66 48 5 91 72 14 80 63 72 1 53 8 98 37 19 68 85 87 47 98 84 41 39 19 5 59 15 49 76 84 87 26 3 10 5 40 80 74 63 60 52 73 6 97 4 98 19 37 91 31 92 84 55 59
 84 92 82 39 34 4 81 34 79 81 61 6 60 72 37 57 32 17 4 92 3 96 23 0 16 31 50 3 24 34 72 99 38 91 95 93 8 6 1 93 99 45 20 14 91 33 67 1 45 26 39 88 60 90 14 68 12 39 96 62 1 42 14 17 59 88 85 69 16 48 70 9 81 26 54 40 45 11 14 11 27 42 32 3 99 88 80 88 32 8 36 92 37 75 19 87 83 37 53 26 61 62 50 27 79 92 29 52 19 34 58 89 57 69 93 95 87 14 40 32 15 67 49 78 88 83 11 54 53 51 80 76 46 53 23 95 30 19 46 38 10 8 22 23 40 69 14 57 41 26
 49 48 62 24 89 82 25 95 51 35 0 2 14 21 30 66 51 32 92 78 47 7 61 24 64 3 59 31 57 69 63 49 62 78 66 60 73 70 41 68 39 61 56 46 86 74 43 95 19 37 58 4 88 66 43 98 49 40 71 91 74 23 12 33 18 50 44 80 47 69 1 29 14 18 77 80 60 35 0 65 44 34 69 95 10 49 75 58 26 1 46 93 50 51 21 44 10 41 3 91 90 94 91 62 25 94 44 62 83 91 11 44 80 29 55 72 40 35 95 94 4 36 35 93 10 75 48 92 97 52 18 30 49 40 97 70 99 72 66 72 31 96 82 17 29 11 11 73 73 29
 27 64 91 1 4 78 59 26 75 95 64 2 93 64 74 15 56 35 8 21 33 95 36 5 5 25 3 60 90 9 61 79 28 86 40 41 35 18 8 2 6 18 9 22 42 8 81 9 69 23 57 68 70 5 71 7 67 73 56 86 89 58 71 16 42 34 87 47 20 86 15 69 6 70 11 63 71 68 40 81 88 48 21 10 82 33 92 46 26 49 61 90 0 65 40 79 21 29 33 92 84 28 28 72 12 82 32 75 42 81 46 10 86 71 43 65 49 82 71 44 49 56 39 47 100 25 87 23 72 94 73 30 11 81 98 68 13 58 24 75 22 2 29 88 41 91 71 37 52 78
 97 20 71 22 77 66 81 94 71 15 2 91 95 38 67 38 6 43 43 81 51 51 7 10 62 68 27 71 18 21 10 17 90 38 7 93 26 67 70 79 50 65 95 14 5 8 42 79 21 50 4 52 87 57 49 60 79 91 23 97 19 47 67 72 53 40 65 13 5 66 2 93 1 14 21 93 40 76 56 47 67 42 20 23 50 88 8 84 48 4 93 35 94 32 92 54 33 36 73 79 3 0 44 93 63 82 84 77 48 27 97 79 30 5 71 54 85 25 19 13 55 10 17 49 90 76 69 63 57 27 95 57 81 73 86 64 70 15 46 54 56 54 77 13 57 71 89 23 28 34
 73 26 67 99 88 79 42 98 13 77 92 62 53 21 82 46 9 5 14 58 9 67 23 39 96 84 36 52 95 78 52 45 52 37 62 16 48 38 45 89 96 92 0 60 11 50 70 18 18 32 50 75 41 54 36 60 37 61 77 14 99 4 17 27 80 94 69 4 19 23 93 64 61 12 93 45 76 73 41 0 87 83 40 65 70 19 21 75 83 40 61 63 70 37 18 1 88 44 35 10 25 13 88 16 49 10 47 73 48 41 100 55 24 96 20 7 95 100 46 28 65 81 76 67 95 7 89 86 64 89 48 71 49 93 75 13 94 80 73 29 14 100 91 77 48 3 50 75 11 34
 4 41 94 95 57 86 22 41 8 78 16 50 54 67 58 64 91 21 66 55 89 14 89 72 2 80 93 41 59 5 25 91 74 84 51 23 36 79 7 96 45 89 37 79 2 45 15 31 24 63 45 53 1 26 53 54 65 62 0 22 87 48 25 83 36 81 62 7 26 24 30 28 66 27 60 49 9 53 27 58 94 37 91 2 65 97 55 91 69 73 75 58 28 59 22 73 71 71 31 52 56 65 18 54 51 67 39 20 96 14 18 73 61 40 75 41 84 28 6 5 84 0 48 87 15 18 12 97 76 33 99 64 33 4 68 97 85 45 37 84 71 84 36 99 69 52 11 42 5 10
 62 52 89 34 9 71 48 67 69 30 28 13 12 70 29 47 60 48 4 10 94 34 39 38 43 49 70 73 67 40 35 23 81 49 8 19 2 80 85 52 13 19 29 31 29 45 38 93 49 34 54 27 24 68 50 53 16 16 1 57 98 68 9 19 75 91 0 78 50 6 46 53 5 12 97 21 72 32 22 77 61 99 54 90 17 23 36 71 89 79 28 81 10 11 78 97 70 29 11 90 92 22 87 20 5 18 56 2 4 25 52 62 45 2 35 36 53 32 52 93 84 13 43 60 10 38 86 98 69 62 1 37 78 3 12 31 28 51 32 55 29 70 96 50 57 47 64 6 16 64
 83 19 73 8 43 2 47 26 34 96 72 62 98 54 64 83 16 13 58 42 49 34 59 83 75 6 1 22 78 14 74 95 64 40 54 88 42 62 8 12 73 37 83 39 52 30 81 74 31 8 28 98 61 50 74 81 41 82 80 30 9 87 60 80 39 94 70 40 47 50 61 17 89 62 16 76 74 67 61 91 66 45 36 89 91 73 5 2 51 88 33 54 2 12 29 51 92 3 41 55 69 59 22 30 39 89 57 95 60 90 54 99 43 37 55 83 14 75 19 82 69 57 32 51 43 47 15 47 62 80 47 32 33 33 85 27 64 22 73 28 21 56 81 44 59 50 9 10 81 97
 34 63 11 73 99 14 68 65 83 49 15 57 88 31 68 20 26 56 30 3 22 6 8 90 60 60 49 87 84 91 90 3 22 4 77 75 24 3 10 6 1 80 10 39 53 50 60 15 72 38 8 42 54 36 40 21 94 3 49 36 97 25 98 5 52 25 57 62 23 1 83 26 47 30 13 15 14 29 38 6 64 35 14 97 48 48 4 54 37 7 87 91 49 69 8 5 36 91 6 71 77 17 64 61 68 74 87 36 92 28 16 52 22 36 60 6 75 57 14 41 24 82 40 62 45 45 33 26 23 69 10 20 81 94 19 32 49 20 19 2 3 44 84 41 58 35 24 48 85 72
 39 83 26 16 56 95 10 38 80 45 67 14 73 92 93 41 96 65 71 45 63 13 23 14 66 40 14 48 55 89 59 28 95 21 56 3 42 18 16 62 9 53 30 69 61 53 85 75 79 29 9 86 15 26 35 83 8 65 54 51 81 34 93 94 29 89 46 10 51 56 52 65 15 45 86 37 81 45 43 48 96 88 5 95 3 10 68 66 13 99 40 63 27 97 91 66 70 50 37 30 73 96 92 59 85 80 60 6 14 66 44 17 74 87 27 99 24 23 78 36 6 66 97 99 86 47 8 58 21 46 63 46 24 51 67 48 92 78 54 73 5 33 92 25 87 62 33 19 18 57
 5 21 92 38 55 78 28 70 8 92 38 97 22 17 66 31 43 82 86 65 1 84 72 14 21 64 53 66 9 68 7 63 91 82 92 63 84 73 48 58 47 3 1 82 10 23 77 31 4 96 30 97 70 94 21 69 65 12 52 52 58 89 6 99 49 40 83 5 39 25 97 78 99 49 24 93 72 2 13 82 98 99 18 13 78 92 99 33 30 8 56 5 67 39 64 26 56 20 71 18 55 96 5 26 47 48 7 2 17 18 6 65 5 91 99 89 65 21 19 89 36 33 45 97 40 5 99 3 80 37 31 91 98 8 67 42 13 87 15 87 82 84 60 71 67 77 9 41 85 33
 92 46 98 37 64 16 81 37 69 84 58 90 21 10 39 62 4 63 95 21 8 28 55 100 89 18 8 60 7 27 91 62 39 19 51 43 98 37 28 4 16 4 68 61 87 8 50 1 93 83 48 19 54 16 79 18 53 81 72 48 40 94 62 21 50 86 50 66 75 7 54 17 37 72 29 6 11 6 60 94 78 47 33 98 11 7 4 18 93 14 78 90 94 67 22 62 43 42 35 67 87 66 69 41 43 66 77 11 55 28 88 87 25 80 49 55 6 13 10 42 13 37 59 50 54 49 99 91 54 10 71 7 51 16 77 76 58 90 47 29 35 84 73 0 72 62 35 76 31 26
 38 17 36 25 48 91 75 57 6 91 14 99 52 32 75 63 60 72 92 80 94 22 47 40 27 99 98 81 74 80 76 44 16 35 83 35 27 22 79 46 59 72 48 66 19 96 30 49 58 9 58 36 61 96 5 71 31 5 88 16 7 67 15 63 32 56 66 0 33 15 26 80 27 6 18 99 10 34 81 17 41 44 12 9 29 64 32 38 81 0 34 82 35 34 94 72 0 1 95 1 19 18 38 20 34 1 89 56 48 84 71 63 78 11 54 54 99 9 25 32 58 49 74 54 4 74 53 49 51 43 5 23 28 21 83 17 45 28 87 74 32 65 26 72 74 80 88 65 53 32
 58 89 82 24 24 48 96 19 25 95 11 97 27 56 57 48 27 94 55 52 72 75 15 51 67 37 96 89 41 46 85 56 84 1 19 56 24 42 91 87 88 5 61 3 52 34 72 26 30 8 16 21 21 34 17 28 31 46 13 28 69 32 35 19 3 90 29 68 65 32 28 39 95 46 57 72 77 14 37 44 67 56 40 44 76 36 88 17 98 83 20 52 12 92 97 13 59 61 64 45 10 97 50 78 79 61 58 99 2 18 22 7 56 11 61 49 88 85 63 23 61 41 87 52 82 88 98 31 32 3 38 73 45 89 56 71 4 17 90 9 39 21 3 61 79 59 19 98 100 3
 86 88 88 34 95 73 85 12 20 39 41 74 21 11 57 3 87 68 41 22 61 7 79 3 18 65 6 90 87 53 67 34 52 19 18 25 1 11 78 71 46 32 100 5 17 47 62 24 55 62 11 7 4 6 12 10 23 80 99 41 47 80 7 19 40 95 57 75 66 71 40 94 80 32 93 69 56 85 23 30 28 41 39 60 7 49 75 1 64 57 58 49 61 45 30 75 89 43 27 7 5 42 19 98 60 44 34 56 36 6 16 59 38 53 9 59 44 51 90 3 71 76 58 9 18 61 67 60 92 35 24 65 86 39 91 44 45 38 9 60 64 80 95 23 7 22 81 91 87 63
 66 96 39 79 29 33 78 90 27 65 4 63 64 65 97 28 61 45 65 84 8 15 61 27 81 16 42 80 28 49 71 2 1 11 71 72 41 45 12 77 19 3 95 95 44 7 57 67 55 19 27 55 53 9 44 94 8 64 57 13 27 30 53 94 42 13 12 5 65 77 1 61 48 47 79 27 6 1 2 54 81 51 12 99 42 63 61 38 79 60 14 91 68 6 88 1 94 39 16 53 15 92 54 58 10 84 38 98 12 27 44 30 52 83 56 96 39 40 15 69 67 9 53 68 59 69 61 97 78 77 71 35 18 44 94 52 98 61 59 71 25 44 53 72 88 66 56 94 59 56
 78 22 28 17 3 68 59 4 49 25 2 64 11 71 4 80 47 25 44 7 41 35 67 63 86 59 63 61 30 53 50 24 100 22 71 72 51 83 28 46 85 69 29 11 87 32 37 11 58 69 50 66 29 7 86 62 48 47 87 14 38 71 46 20 74 82 78 14 88 25 20 27 83 9 18 42 99 28 70 84 32 81 4 87 80 89 9 91 40 84 86 48 25 65 0 93 61 86 88 24 84 15 96 7 36 52 74 28 77 76 13 80 26 26 10 53 15 86 28 4 43 43 74 76 7 63 83 48 72 9 47 53 63 39 84 3 23 61 91 69 59 62 93 66 31 67 52 27 64 8


