LINHAS = 30
COLUNAS = 15
9 56 20 34  7 83 19 44 91 72 90 59 93  8 77
88 63 32 68 12 19 13 91 37 92 23 46 32 81 37
65 36 76 85  4 31  5 40 64 62 72 51 96 28 18
59 77 53 57 16 67 21 73 42 51 76 37 64 34 63
95  8 67 39 48 33 82 71 17 88 35 60 11 69 14
58 36 64 75 80 18 42 20 89 65 29 36 18 51 10
93 42 32 65 66 48 38 74 78  8 16 62 70 55 90
 6 19 60 20 69 12 59 73 36 82 68 15 20 81 58
36 91 12 16 39 96 89 73  6 12  2 12 72 35 28
86 95 30 48 33 89 30 66 95 78 90 55 98 73 49
 53 24 30 32 85 10 91 98 59  1  8 78 11 35 72
 77 30 60 14 64 12 39 35 48 88 69 12 95 13 19
82 78 76 69 74 35 96 82 31  8 65  4 87 65 72
47 89 31 79 48  4 79 89 74 76 18 69 95 39 38
 7 29 42 53 42 91 78 95 35 58 52 10 29 92 31
20 53 15 34 12 12 55  3 62 62 79 81 40 78 72
92 54 77 54 16 52 98  5 58 20 25 20 75 35 30
38 10 44 31 95 33 71 72 24 10  1 94 47  3 62
57 51 62 84 92 16 58 47 88 10 36 13 83 65 43
53 10 61 63 40 99  4  8 48 31 100 49 32 47 55
20 49 15 21 20 49 59 96 17 82  4 53 25 44 88
43 24  9 71 68 56 11 71 20 99 48 16 87 27  5
 4 22 58 94 35 30 70 64 71  7 58 99 58 34 28
27 71 46 65 85 31 35 97 65 68  3 26 98 54 75
44 67 90 20  3 99  2 49  8 69 31 32 55 18 16
73 96 23 72 26 23 17 17 78 94 41 57 31 62 13
67 41 77 65 13 30 69 59 14 16 89 25 92 64 35
93 36 98 86 40 91 29 32 49 30 50 82 10 79  2
25 20 77 76  4 50 17 46 60  7 78 26 15  8 95
39 47 64 44 56 74  2 88 15 95 85 40 75 82 11

