LINHAS = 15
COLUNAS = 26
51 85 61 15 76 96 28 68 96 49  1 38 36 94 96 88 44 64 50  3 34 12 90 48 30 39
84 52 93 91 44 35 25 80 96 14 76 59 100 32 78 59 81 41 48 96 21 12 94 48 19 91
75 32 70 49 30 41 39 14 18 95  7 76 22 27 14 11 50 33 66 31 26  6 71 65 96 84
17 80 54 12 90 11 43 70 27 48 51 79 40 55 64 86 32  4 72 30 88 10 55 25 97 88
31 94 89  3 31 67 70 89 86 17 88 39 38  2 62 68 24 66  4 64 100 45 63 75 34 20
53 62 59 52 62 37 93 18  2 37 31 56 33 70 33 83 71 67 19 92 97 17 63 62 59 57
26 96 71 14 28 83 78 79 81 38 59 95 63 57 26 87 29 68 54 57 75 29 81 59 77 89
99 53 22 48 22 12 70 22 83 43 13  9 38 72 96  0 55  8 85 62 97  7 96 20 60 22
88 16 41 89 87 35 24 94  1 84 63 94 53 84 53 97 17 71 97 85 80 11 30 82  3  9
93 15 15 49 84 45 76 84 25 58 95 45 46 11 21 52 83 91 43 34 31 43 55 72 24 98
57 55 62 90 13 43  4 49 73 12 69 43 64 47  3 83 17 15  4 38 12 64 76 79  8 55
64 74 89 85  6 59 12 60 12 99 82 87 59 92 52 33 80 33 38 16 87 48 24 73 92 50
 2 66 51 91 32 86 69 30 25 79 71 63 19 23 83 29 88 83 65 14 93 64  7 64 41 98
30 40 76 95 28 40 15 56 55 91 75 53 35 72 66 49 62 41 67 76 21 80 39 33 61 18
46 15 96 62  2 87 25 92 87 52 73 59 76 20 23 70 11 65 61 27 55 34 79 50 75 12

